Hillside_position	DQ.C	DQ.S	DQ.A	DQ.B	DQ.T	DQ.R	DQ.E	DQ.O	DQ.Q	LA
Noruega fria	5.00	5.00	5.67	5.33	5.00	5.00	5.33	5.33	77.33	63.95
Noruega fria	5.33	5.00	5.33	5.67	5.00	5.00	5.00	5.33	78.00	67.82
Noruega fria	5.00	5.33	5.33	5.67	5.00	5.33	5.33	5.00	78.00	60.61
Noruega fria	5.00	5.00	5.00	6.00	5.00	5.33	5.33	5.33	78.33	28.62
Noruega fria	5.00	5.33	5.33	6.00	5.00	5.33	5.33	5.33	78.67	60.79
Noruega fria	5.33	5.33	5.33	6.00	5.33	5.67	5.33	5.00	78.67	52.63
Noruega fria	5.67	5.33	5.67	5.67	5.00	5.00	5.33	5.33	79.00	46.38
Noruega fria	5.33	5.33	5.67	5.67	5.00	5.33	5.33	5.33	79.00	NA
Noruega fria	5.33	5.67	5.33	6.00	5.00	5.33	5.33	5.67	79.30	40.36
Noruega fria	5.33	5.33	5.67	5.67	5.00	5.33	5.33	5.67	79.33	44.58
Noruega fria	5.00	5.67	5.67	5.67	5.00	5.33	5.33	5.67	79.33	49.30
Noruega fria	5.33	5.67	6.00	5.33	5.33	5.00	5.67	5.33	79.67	46.26
Noruega fria	5.33	5.33	5.67	6.00	5.33	5.33	5.33	5.67	80.00	45.55
Noruega fria	5.33	5.67	5.33	5.67	5.00	5.67	5.33	6.00	80.00	NA
Noruega fria	5.67	5.33	5.67	5.67	5.00	5.00	5.67	5.67	80.00	54.84
Noruega fria	5.67	5.33	5.67	6.00	5.00	5.33	5.33	5.67	80.00	48.91
Noruega fria	6.00	5.00	6.00	5.67	5.00	5.00	6.00	5.33	80.00	59.16
Noruega fria	5.67	5.67	5.33	5.33	5.33	5.67	5.67	5.67	80.33	57.57
Noruega fria	6.00	5.33	5.33	5.67	5.33	5.33	5.67	5.67	80.33	NA
Noruega fria	5.67	5.33	6.00	5.67	5.33	5.00	5.33	5.67	80.33	57.21
Noruega fria	5.00	5.33	6.00	5.67	5.33	5.33	5.33	6.33	80.33	42.44
Noruega fria	5.67	5.67	5.67	5.67	5.00	5.33	5.67	5.67	80.33	64.87
Noruega fria	5.33	5.67	5.67	6.00	5.33	5.33	5.33	5.67	80.33	62.88
Noruega fria	5.67	5.67	5.67	5.67	5.33	5.33	5.67	5.67	80.67	45.58
Noruega fria	5.33	5.67	5.67	6.00	5.33	5.33	5.67	5.67	80.67	47.92
Noruega fria	5.33	5.67	5.33	6.00	5.33	5.33	5.67	5.33	80.67	47.96
Noruega fria	6.00	5.67	5.67	5.67	5.67	5.00	5.67	5.33	80.67	71.69
Noruega fria	5.33	5.67	5.33	6.00	5.33	5.67	5.67	6.00	80.67	NA
Noruega fria	5.67	5.67	5.67	6.00	5.33	5.00	5.67	5.67	80.67	58.24
Noruega fria	5.33	5.67	6.00	5.67	5.00	5.67	5.67	6.00	80.67	NA
Noruega fria	5.67	5.67	5.67	5.67	5.33	5.33	5.67	5.67	80.67	NA
Noruega fria	5.67	5.67	6.00	5.67	5.33	5.33	6.00	5.33	81.00	34.79
Noruega fria	5.67	5.67	5.67	6.00	5.33	5.33	6.00	5.33	81.00	44.67
Noruega fria	5.67	5.67	5.67	6.00	5.33	5.67	5.33	6.00	81.00	38.70
Noruega fria	5.67	5.67	5.67	6.00	5.33	5.33	5.67	5.67	81.00	44.67
Noruega fria	6.00	5.50	5.50	5.50	5.00	6.00	6.00	6.00	81.00	45.78
Noruega fria	6.00	5.67	5.67	5.33	5.67	5.67	6.00	5.67	81.00	NA
Noruega fria	6.00	5.33	5.67	5.67	5.67	5.33	6.00	5.67	81.33	35.23
Noruega fria	5.67	5.67	5.67	6.00	5.33	5.67	5.67	5.67	81.33	48.00
Noruega fria	5.67	5.67	5.67	5.67	5.67	5.67	5.67	5.67	81.33	60.23
Noruega fria	5.67	5.33	6.00	6.00	5.33	5.67	5.67	5.67	81.33	NA
Noruega fria	6.00	5.33	5.67	5.67	6.33	5.33	6.00	5.67	81.67	57.38
Noruega fria	6.00	5.33	5.33	6.33	5.67	5.67	5.67	5.67	81.67	65.07
Noruega fria	6.00	5.67	5.67	5.67	5.67	5.67	5.67	6.00	82.00	60.75
Noruega fria	5.67	5.67	5.67	6.00	5.67	5.67	5.67	6.00	82.00	38.47
Noruega fria	5.83	5.67	5.83	5.67	5.67	5.67	5.67	6.00	82.00	58.49
Noruega fria	6.00	5.33	6.00	5.67	5.67	5.33	6.00	6.00	82.00	67.35
Noruega fria	6.00	5.00	5.67	5.67	5.67	5.67	6.00	6.00	82.33	45.90
Noruega fria	5.67	6.00	5.67	5.67	6.00	5.67	6.00	5.67	82.33	45.16
Noruega fria	6.00	5.67	6.00	5.67	5.67	5.67	6.33	5.67	82.33	51.08
Noruega fria	6.00	6.00	5.67	6.00	6.00	5.33	5.67	5.67	82.33	71.31
Noruega fria	5.67	5.33	6.33	6.00	6.00	5.33	6.00	5.67	82.33	56.00
Noruega fria	6.00	6.00	5.33	6.00	5.67	5.67	6.00	5.67	82.33	57.09
Noruega fria	6.00	5.67	6.00	6.00	5.33	5.67	6.00	5.67	82.33	59.56
Noruega fria	5.67	6.33	5.67	6.00	5.67	5.33	6.00	6.00	82.67	79.17
Noruega fria	6.00	5.67	5.33	6.33	6.00	5.67	6.00	5.67	82.67	58.46
Noruega fria	6.00	6.00	6.00	5.67	6.00	5.67	5.67	5.67	82.67	62.53
Noruega fria	6.00	6.00	6.00	6.00	5.67	5.67	5.67	6.00	83.00	49.02
Noruega fria	5.67	6.00	6.00	6.00	6.33	5.67	6.00	5.67	83.00	60.30
Noruega fria	6.00	6.00	6.00	6.00	6.00	6.00	6.00	6.00	83.00	42.16
Noruega fria	6.00	6.00	6.00	6.00	6.00	6.00	6.00	6.00	83.00	60.82
Noruega fria	6.00	6.00	6.00	5.67	5.67	5.67	6.00	6.00	83.00	60.12
Noruega fria	5.67	5.67	6.33	6.00	5.33	6.00	6.00	6.00	83.00	56.57
Noruega fria	5.67	6.00	6.00	6.00	5.67	6.00	5.67	6.00	83.00	76.81
Noruega fria	6.00	6.00	5.67	6.00	6.00	5.67	6.00	6.00	83.33	42.41
Noruega fria	5.67	6.00	5.67	6.00	6.00	6.33	5.67	6.00	83.33	41.62
Noruega fria	6.00	5.67	6.33	6.00	6.00	6.00	5.67	5.67	83.33	53.74
Noruega fria	5.50	6.50	5.75	5.75	6.50	5.50	6.00	6.00	83.33	58.71
Noruega fria	6.00	6.00	6.17	5.67	5.67	5.83	6.33	5.67	83.33	NA
Noruega fria	6.00	5.67	5.67	6.00	6.33	5.67	6.00	6.00	83.33	43.11
Noruega fria	6.00	5.67	6.00	6.00	5.67	6.00	6.00	6.00	83.33	62.61
Noruega fria	6.00	5.67	5.67	6.00	6.00	6.00	6.33	6.00	83.67	56.31
Noruega fria	6.00	6.00	5.67	6.00	6.00	6.00	6.00	6.00	83.67	70.33
Noruega fria	6.00	5.67	5.67	6.00	6.33	6.00	6.00	6.00	83.67	NA
Noruega fria	6.00	6.00	6.00	6.00	6.33	5.67	6.00	6.00	84.00	48.38
Noruega fria	6.00	5.67	6.67	5.83	5.67	5.67	6.33	6.17	84.00	62.76
Noruega fria	6.00	6.00	6.00	6.33	6.33	5.67	5.67	6.00	84.00	47.24
Noruega fria	6.00	5.50	5.50	6.00	6.00	6.00	6.50	6.00	84.00	44.47
Noruega fria	6.00	6.00	6.00	6.00	6.00	6.00	6.00	6.00	84.00	56.67
Noruega fria	5.67	5.67	6.00	6.00	6.00	6.17	6.33	6.17	84.00	44.58
Noruega fria	6.00	6.00	6.33	6.00	6.00	6.33	5.67	6.00	84.33	49.10
Noruega fria	6.00	6.00	6.00	6.00	6.00	6.33	6.00	6.00	84.33	27.85
Noruega fria	6.00	5.67	6.67	6.33	6.00	6.00	5.67	6.00	84.33	NA
Noruega fria	6.33	6.00	6.00	6.33	6.00	5.83	6.00	5.83	84.33	45.04
Noruega fria	6.00	6.00	6.00	6.00	6.33	6.00	6.00	6.00	84.33	80.56
Noruega fria	6.33	6.00	6.33	6.00	6.00	5.67	6.00	6.00	84.33	67.54
Noruega fria	6.00	5.67	6.33	6.00	6.00	6.33	6.00	6.00	84.33	79.34
Noruega fria	6.00	5.67	5.83	6.50	6.33	6.17	6.00	6.17	84.33	55.39
Noruega fria	5.67	6.33	6.33	6.00	6.33	5.67	6.33	6.00	84.33	47.06
Noruega fria	6.00	5.67	6.00	6.17	6.00	6.00	6.33	6.17	84.33	56.44
Noruega fria	6.00	5.67	6.00	6.33	6.33	6.00	6.33	6.00	84.67	44.13
Noruega fria	6.00	5.67	6.00	6.00	6.00	6.50	6.33	6.17	84.67	75.47
Noruega fria	6.00	5.67	6.00	6.00	6.33	6.33	6.33	6.00	84.67	52.67
Noruega fria	6.00	6.00	6.17	6.33	6.17	6.00	6.17	6.17	84.67	NA
Noruega fria	6.17	6.17	6.33	5.67	6.17	6.17	6.33	6.00	85.00	38.61
Noruega fria	5.83	5.50	6.17	6.00	6.17	6.00	6.50	6.17	85.00	NA
Noruega fria	6.00	6.00	6.33	6.00	6.33	6.33	6.00	6.00	85.00	59.29
Noruega fria	6.00	6.00	6.00	6.00	6.33	6.33	6.33	6.00	85.00	36.74
Noruega fria	6.00	6.00	6.17	6.17	6.00	6.50	6.00	6.17	85.00	82.33
Noruega fria	6.00	6.00	6.00	6.33	6.33	6.33	6.00	6.00	85.00	50.56
Noruega fria	6.00	6.17	6.33	6.00	6.50	6.00	6.00	6.00	85.00	NA
Noruega fria	6.00	6.33	6.17	6.33	6.17	6.17	6.00	6.17	85.33	35.21
Noruega fria	6.00	6.00	6.33	6.33	6.67	6.00	6.00	6.00	85.33	51.00
Noruega fria	6.17	6.00	6.50	5.83	5.67	6.33	6.33	6.50	85.33	47.85
Noruega fria	6.00	5.67	6.33	6.17	6.67	6.50	6.00	6.00	85.33	67.47
Noruega fria	6.33	6.00	6.33	6.00	6.00	6.50	6.00	6.17	85.33	44.83
Noruega fria	6.00	6.00	6.00	6.00	6.67	6.67	6.17	6.17	85.67	38.50
Noruega fria	6.00	6.00	6.00	6.67	6.50	6.00	6.33	6.17	85.67	NA
Noruega fria	6.17	6.17	6.33	6.33	6.17	6.50	6.00	6.00	85.67	65.23
Noruega fria	6.00	5.67	6.17	6.50	6.33	6.83	6.00	6.17	85.67	59.77
Noruega fria	6.17	6.17	6.50	6.00	6.50	6.50	6.00	6.17	86.00	47.24
Noruega fria	6.00	6.33	6.67	6.00	6.33	6.50	6.00	6.00	86.00	NA
Noruega fria	6.00	6.33	6.50	6.17	6.33	6.17	6.17	6.33	86.00	NA
Noruega fria	6.33	6.00	6.67	6.67	6.00	6.50	6.00	6.17	86.33	49.36
Noruega fria	6.00	6.33	6.50	6.50	6.67	6.50	6.00	6.17	86.67	NA
Noruega fria	6.00	6.00	6.33	6.67	6.33	6.83	6.33	6.17	86.67	NA
Noruega fria	6.17	6.67	6.67	6.17	6.33	6.83	6.33	6.50	87.00	47.36
Noruega fria	6.00	6.33	6.83	6.50	6.33	6.83	6.00	6.17	87.00	62.02
Noruega fria	6.33	6.33	6.33	6.67	6.67	6.50	6.33	6.17	87.33	56.92
Noruega fria	6.50	6.00	7.00	6.50	7.00	6.25	6.00	6.25	87.33	59.57
Noruega fria	6.00	6.00	6.67	7.00	7.00	6.67	6.17	6.17	87.67	57.29
Noruega fria	6.00	6.67	6.50	6.33	6.83	6.83	6.00	6.83	87.67	49.80
Noruega fria	6.33	6.50	6.67	6.33	6.83	6.50	6.33	6.17	87.67	47.93
Noruega fria	6.00	6.67	6.67	6.67	6.67	6.83	6.33	6.17	88.00	76.47
Noruega fria	6.00	7.00	7.00	7.00	6.00	7.00	6.00	6.00	88.00	56.86
Noruega fria	6.33	7.00	6.33	6.67	6.67	6.83	6.33	6.17	88.33	44.76
Noruega fria	6.00	7.00	6.67	6.33	7.00	6.67	6.67	6.67	89.00	76.11
Noruega fria	6.33	6.67	6.67	6.33	6.67	6.67	6.67	7.00	89.00	44.30
Noruega fria	6.33	6.67	6.67	6.67	7.00	7.00	6.33	6.33	89.00	37.95
Noruega fria	6.67	7.00	7.33	6.33	6.67	6.50	6.33	6.50	89.33	NA
Noruega fria	6.33	6.83	7.00	6.50	7.00	6.83	6.67	6.83	90.00	37.94
Noruega fria	6.50	7.00	6.83	6.83	7.50	7.00	6.67	6.67	91.00	NA
Noruega fria	7.00	8.00	7.33	7.33	7.50	7.83	7.17	7.50	95.67	50.47
Noruega quente	5.00	4.00	4.67	4.67	4.33	4.67	5.00	4.67	73.00	66.53
Noruega quente	5.00	5.67	5.33	5.67	5.00	5.33	5.33	5.67	79.00	56.89
Noruega quente	5.67	5.33	5.67	5.67	5.00	5.67	6.00	5.33	80.33	53.00
Noruega quente	6.00	5.67	5.67	6.00	5.33	5.33	5.33	5.67	81.00	54.87
Noruega quente	6.00	5.67	5.33	6.00	5.33	5.67	5.67	5.67	81.33	48.84
Noruega quente	6.00	5.33	5.33	5.33	5.67	5.33	6.33	6.00	81.33	58.74
Noruega quente	5.67	5.67	6.00	6.00	5.33	5.33	5.67	6.00	81.67	52.61
Noruega quente	6.00	5.33	5.67	5.67	5.67	5.67	6.00	5.67	81.67	NA
Noruega quente	6.00	5.33	6.00	6.00	6.00	5.67	5.33	5.67	82.00	NA
Noruega quente	6.00	5.67	6.00	5.67	5.67	5.67	5.67	5.67	82.00	39.89
Noruega quente	6.00	5.67	5.67	6.00	5.67	5.67	5.67	6.00	82.33	40.35
Noruega quente	6.00	5.67	6.00	6.00	5.33	6.00	5.67	5.67	82.33	NA
Noruega quente	5.67	5.67	5.33	6.33	5.67	6.00	5.67	6.00	82.33	44.52
Noruega quente	6.00	5.33	6.00	5.67	6.33	5.33	6.00	6.00	82.67	44.62
Noruega quente	6.00	5.67	6.00	6.00	5.67	5.67	6.00	5.67	82.67	37.20
Noruega quente	6.00	5.67	6.00	6.00	5.67	5.33	6.00	6.00	82.67	NA
Noruega quente	6.00	5.67	5.67	6.00	6.00	5.33	6.00	6.00	82.67	56.89
Noruega quente	6.00	5.67	6.00	6.00	5.83	5.67	6.17	5.67	83.00	51.19
Noruega quente	6.00	6.00	6.00	5.67	6.00	5.67	6.00	6.00	83.33	42.29
Noruega quente	6.00	5.67	5.67	6.33	6.00	5.33	6.33	6.00	83.33	55.90
Noruega quente	6.00	5.67	6.00	6.00	5.67	6.00	6.00	6.00	83.33	56.27
Noruega quente	6.00	5.83	6.00	6.17	5.33	5.83	6.00	6.50	83.67	53.56
Noruega quente	6.00	5.67	6.00	6.33	6.00	6.00	6.00	6.00	84.00	56.91
Noruega quente	6.00	6.00	5.33	6.00	6.67	6.00	6.00	6.00	84.00	39.31
Noruega quente	6.00	6.33	6.00	6.00	6.00	6.00	6.33	6.00	84.33	42.79
Noruega quente	6.00	5.67	6.00	6.00	6.50	6.00	6.00	6.17	84.33	41.22
Noruega quente	6.00	6.00	6.33	6.33	5.67	6.33	6.00	6.00	84.67	36.18
Noruega quente	6.00	5.67	6.00	6.33	6.33	6.67	6.33	6.00	84.67	NA
Noruega quente	6.00	6.33	6.00	6.33	6.33	5.67	6.00	6.00	84.67	NA
Noruega quente	6.00	6.00	6.00	6.00	6.33	6.17	6.00	6.17	84.67	NA
Noruega quente	6.00	6.00	6.00	6.00	6.00	6.00	6.00	6.00	85.00	41.52
Noruega quente	6.00	6.00	6.67	6.00	6.33	6.00	6.00	6.00	85.00	33.92
Noruega quente	6.00	6.17	6.00	6.33	6.00	6.17	6.33	6.00	85.00	53.09
Noruega quente	6.00	5.67	6.00	6.33	6.33	6.17	6.33	6.50	85.33	49.81
Noruega quente	6.00	6.00	6.67	6.00	6.33	6.33	6.00	6.00	85.33	54.52
Noruega quente	6.00	6.33	6.00	6.83	6.00	6.33	6.00	6.17	85.67	47.10
Noruega quente	6.17	6.00	6.17	6.33	6.50	6.00	6.33	6.17	85.67	57.72
Noruega quente	6.00	6.33	6.50	6.17	6.33	6.17	6.33	6.17	86.00	55.55
Noruega quente	6.00	6.50	6.50	6.00	6.33	6.50	6.33	6.17	86.33	52.28
Noruega quente	6.33	5.67	6.33	6.33	7.00	6.33	6.50	6.17	86.67	62.91
Noruega quente	6.00	6.33	7.33	6.33	6.33	6.00	6.50	6.17	87.00	54.32
Noruega quente	6.00	6.33	6.33	6.67	6.67	6.67	6.17	6.50	87.33	49.62
Noruega quente	6.00	6.33	6.67	6.33	6.33	6.67	6.33	6.67	87.33	50.76
Noruega quente	6.50	6.17	7.00	6.00	6.67	6.00	6.67	6.33	87.33	44.24
Noruega quente	6.33	7.00	6.33	6.33	6.67	6.00	6.33	6.33	87.67	32.16
Noruega quente	6.33	6.50	6.67	6.33	6.50	6.83	6.50	6.33	88.00	49.01
Noruega quente	6.33	6.33	6.67	6.33	7.00	6.67	6.33	6.33	88.00	32.92
Noruega quente	6.33	7.00	6.67	6.00	7.00	6.33	6.33	6.33	88.00	43.96
Noruega quente	6.00	7.00	6.67	6.67	6.67	6.67	6.67	6.33	88.67	40.28
Noruega quente	6.33	7.00	7.33	6.33	6.67	6.67	7.00	6.67	90.00	52.72
Noruega quente	6.67	6.67	7.00	7.33	7.33	7.00	7.00	7.00	90.00	49.41
Noruega quente	6.33	7.00	6.83	7.00	7.00	7.17	6.67	7.00	91.00	44.65
Noruega quente	7.17	6.83	7.17	7.17	7.33	6.83	7.00	7.17	92.33	36.00
Soalheira fria	5.33	5.33	5.33	5.33	5.00	5.67	5.33	5.67	78.33	75.74
Soalheira fria	5.33	5.67	5.67	6.00	5.00	5.33	5.00	5.67	79.67	47.28
Soalheira fria	5.67	5.33	5.33	5.67	5.00	5.33	6.00	6.33	80.00	NA
Soalheira fria	5.33	5.33	5.33	6.00	5.33	5.67	5.67	6.00	80.00	56.92
Soalheira fria	5.33	5.67	5.33	5.67	5.67	5.33	5.33	5.67	80.00	55.68
Soalheira fria	5.67	5.67	5.33	5.67	5.00	5.67	5.33	5.67	80.00	66.41
Soalheira fria	6.00	5.00	5.67	5.67	5.33	5.33	5.67	5.67	80.33	65.41
Soalheira fria	6.00	5.33	6.00	6.00	5.33	5.33	5.67	5.67	81.33	56.81
Soalheira fria	5.67	5.67	5.67	6.00	5.67	5.33	5.67	5.67	81.33	53.86
Soalheira fria	6.00	5.67	6.00	5.67	5.33	5.67	5.67	5.67	81.67	41.09
Soalheira fria	5.67	5.67	5.67	6.00	5.67	5.33	5.67	6.00	81.67	NA
Soalheira fria	5.67	5.67	6.00	5.67	5.67	6.00	6.00	6.00	82.00	40.70
Soalheira fria	5.67	6.00	5.67	6.00	5.67	5.67	5.67	6.00	82.33	73.30
Soalheira fria	6.00	5.67	5.67	6.00	5.67	5.00	6.00	5.67	82.67	56.55
Soalheira fria	6.00	5.67	6.00	6.00	5.67	5.33	6.00	6.00	82.67	NA
Soalheira fria	6.00	5.67	6.00	6.00	6.00	5.33	6.00	5.67	82.67	61.89
Soalheira fria	6.00	6.00	6.00	6.00	5.67	5.67	5.67	5.67	82.67	64.04
Soalheira fria	6.00	5.67	6.00	6.00	5.67	5.33	6.00	6.00	82.67	56.49
Soalheira fria	5.67	5.67	5.67	6.33	6.00	5.50	6.00	6.00	82.83	36.66
Soalheira fria	6.00	5.67	6.00	5.33	6.00	6.00	6.00	5.83	82.83	58.06
Soalheira fria	6.00	5.67	5.67	6.00	6.00	5.33	6.33	6.00	83.00	67.24
Soalheira fria	5.67	5.67	6.33	6.67	5.67	5.67	6.33	6.00	83.33	50.78
Soalheira fria	6.00	5.67	6.33	6.33	5.33	6.00	6.00	6.00	83.67	34.93
Soalheira fria	6.00	5.67	5.67	5.67	5.33	6.00	5.67	6.00	83.67	NA
Soalheira fria	6.00	5.67	6.00	6.00	6.00	6.00	6.00	6.00	83.67	52.26
Soalheira fria	6.00	5.33	6.50	5.50	5.83	5.75	6.00	6.00	83.67	56.51
Soalheira fria	6.00	6.00	6.33	6.33	5.67	6.00	5.67	5.67	83.67	NA
Soalheira fria	6.00	5.67	6.67	6.00	6.33	6.00	5.67	6.00	84.33	69.74
Soalheira fria	6.17	5.83	6.17	6.17	6.00	5.83	6.00	6.17	84.33	41.22
Soalheira fria	6.00	6.33	6.17	6.17	5.67	5.67	6.17	6.17	84.33	45.99
Soalheira fria	6.00	6.00	6.17	6.17	6.00	5.83	6.00	6.17	84.33	53.78
Soalheira fria	6.00	5.67	5.83	6.33	6.33	5.83	6.33	6.00	84.33	75.26
Soalheira fria	6.00	5.67	6.33	6.00	6.00	6.00	6.33	6.00	84.33	66.08
Soalheira fria	6.00	5.67	6.00	6.00	6.17	6.33	6.17	6.00	84.33	54.07
Soalheira fria	6.00	6.00	6.33	6.00	6.00	6.33	6.00	6.00	84.67	NA
Soalheira fria	6.00	6.00	6.67	6.17	6.00	6.17	6.00	6.17	85.00	NA
Soalheira fria	6.00	6.00	6.33	6.00	6.67	6.00	6.00	6.00	85.00	NA
Soalheira fria	6.25	6.25	6.00	6.00	6.00	6.25	6.00	6.25	85.33	52.48
Soalheira fria	6.33	6.33	6.33	6.00	6.17	6.17	6.00	6.00	85.33	39.04
Soalheira fria	6.00	6.00	6.67	6.00	6.33	6.00	6.00	6.00	85.33	73.22
Soalheira fria	6.00	6.33	6.33	6.33	6.33	6.50	6.00	6.17	86.00	49.74
Soalheira fria	6.00	6.67	6.67	6.33	6.33	6.17	6.00	6.17	86.33	NA
Soalheira fria	6.00	6.17	6.17	6.50	6.83	6.67	6.17	6.17	86.67	41.37
Soalheira fria	6.00	6.33	6.67	6.33	6.33	6.50	6.33	6.17	86.67	43.59
Soalheira fria	6.00	6.50	6.50	6.33	6.67	6.50	6.00	6.50	87.00	67.90
Soalheira fria	6.00	6.67	6.67	6.00	6.67	6.83	6.00	6.17	87.00	55.03
Soalheira fria	6.00	6.33	6.67	6.33	6.67	6.50	6.33	6.17	87.00	39.76
Soalheira fria	6.00	6.67	6.33	6.67	6.33	6.83	6.67	6.50	87.67	61.44
Soalheira fria	6.33	6.33	6.83	6.50	6.50	6.17	6.50	6.50	87.67	NA
Soalheira fria	6.33	6.33	7.00	6.33	7.00	6.33	6.33	6.33	88.00	50.34
Soalheira fria	6.00	7.00	6.67	6.67	6.67	6.67	6.00	6.67	88.33	50.35
Soalheira fria	6.33	6.67	7.00	6.33	6.67	6.83	6.67	6.50	89.00	50.35
Soalheira fria	6.33	7.00	6.67	6.33	7.00	6.67	6.67	6.33	89.00	51.52
Soalheira fria	6.50	7.00	7.00	7.00	7.00	7.00	6.50	6.50	89.67	37.73
Soalheira fria	6.67	7.00	6.33	7.00	7.00	6.67	6.67	6.67	90.00	48.54
Soalheira fria	6.33	6.67	6.67	6.67	7.00	7.00	7.00	7.00	90.33	36.07
Soalheira fria	6.67	7.00	7.33	7.00	7.00	7.33	6.67	7.00	92.00	NA
Soalheira fria	7.00	7.33	6.83	6.67	7.00	7.50	7.00	7.00	92.67	32.12
Soalheira fria	7.17	7.50	7.17	7.50	7.67	7.50	7.00	7.17	94.67	37.97
Soalheira fria	7.00	7.83	7.50	7.33	7.50	7.50	7.00	7.33	95.67	41.55
Soalheira quente	5.00	5.33	5.33	5.33	5.00	5.00	5.33	5.33	77.67	58.80
Soalheira quente	5.00	5.33	5.33	5.67	5.00	5.33	5.33	5.67	78.67	39.21
Soalheira quente	5.33	5.33	5.67	5.67	5.00	5.67	5.67	5.67	79.00	NA
Soalheira quente	5.33	5.33	5.67	5.67	5.33	5.00	5.67	5.33	79.00	50.63
Soalheira quente	5.50	5.50	5.50	6.00	5.50	5.50	5.50	6.00	80.33	NA
Soalheira quente	5.67	5.67	5.67	5.67	5.33	5.67	5.33	5.67	80.67	55.79
Soalheira quente	5.67	5.33	6.00	5.33	5.33	6.00	5.67	5.67	80.67	NA
Soalheira quente	5.67	5.67	5.67	5.67	5.33	5.33	5.67	5.67	80.67	NA
Soalheira quente	6.00	5.33	5.67	6.00	5.67	5.33	5.67	5.67	81.00	44.10
Soalheira quente	5.67	5.33	5.67	5.67	5.67	5.33	5.67	6.00	81.00	NA
Soalheira quente	6.00	5.67	5.67	5.33	5.33	5.67	5.67	5.67	81.00	57.19
Soalheira quente	5.33	5.67	5.67	5.67	5.00	5.67	5.67	6.33	81.00	NA
Soalheira quente	5.33	6.00	5.67	6.00	5.33	6.00	5.33	5.67	81.33	NA
Soalheira quente	6.00	6.00	6.00	6.00	5.00	5.33	5.67	5.67	81.67	55.46
Soalheira quente	5.67	5.67	6.33	5.67	5.67	5.33	5.67	5.67	81.67	64.12
Soalheira quente	5.67	6.00	5.67	6.00	5.67	5.67	5.33	6.00	82.00	49.35
Soalheira quente	5.67	5.67	5.33	6.00	5.67	5.67	6.00	6.00	82.00	46.10
Soalheira quente	6.00	5.67	6.00	6.00	5.67	5.33	5.33	6.00	82.00	43.52
Soalheira quente	5.67	5.67	5.67	6.00	5.33	6.00	6.00	5.67	82.00	NA
Soalheira quente	5.67	5.67	5.67	6.00	6.00	5.67	5.67	6.00	82.33	48.74
Soalheira quente	6.00	6.00	5.50	6.00	6.00	5.50	6.00	5.50	82.33	45.89
Soalheira quente	6.00	5.67	6.00	5.67	5.67	5.67	5.67	6.00	82.33	NA
Soalheira quente	6.00	5.67	5.67	5.67	5.67	5.67	6.00	6.33	82.67	43.77
Soalheira quente	6.00	6.33	6.00	6.00	5.33	5.67	5.67	5.67	82.67	55.61
Soalheira quente	5.67	6.00	5.67	6.00	5.67	6.00	5.67	6.00	82.67	NA
Soalheira quente	6.00	5.67	6.00	6.00	5.67	5.33	6.00	6.00	82.67	55.05
Soalheira quente	6.00	5.67	6.00	6.00	5.67	5.33	6.33	6.00	82.67	36.68
Soalheira quente	5.67	6.00	6.33	6.00	5.33	6.00	5.67	5.67	82.67	45.14
Soalheira quente	6.00	5.67	6.00	5.67	5.67	5.67	6.00	6.00	82.67	58.31
Soalheira quente	5.67	5.67	6.00	5.67	6.33	6.00	5.67	5.67	82.67	NA
Soalheira quente	6.00	5.67	6.00	6.00	5.67	5.67	6.00	6.00	83.00	51.71
Soalheira quente	6.00	5.67	5.67	6.33	5.67	5.67	6.00	6.00	83.00	45.58
Soalheira quente	6.00	6.00	6.00	6.00	5.33	5.83	6.00	5.83	83.00	39.67
Soalheira quente	6.00	5.67	6.00	6.00	5.67	5.67	6.00	6.00	83.00	48.99
Soalheira quente	5.67	6.00	6.00	6.33	5.67	5.67	6.00	6.00	83.00	NA
Soalheira quente	6.00	5.67	6.00	5.67	6.33	5.67	6.00	6.00	83.33	58.67
Soalheira quente	6.00	5.67	6.00	6.00	6.17	5.33	6.17	6.00	83.33	36.46
Soalheira quente	6.00	6.00	6.00	6.00	6.00	6.00	5.67	5.67	83.33	NA
Soalheira quente	6.00	6.00	6.00	5.67	5.67	5.67	6.33	6.00	83.33	55.81
Soalheira quente	6.00	5.67	6.33	6.00	5.67	6.00	5.67	6.00	83.33	39.07
Soalheira quente	6.00	5.67	6.00	5.67	6.00	6.00	6.00	6.00	83.33	NA
Soalheira quente	6.00	5.67	6.00	6.17	6.00	5.83	6.00	6.00	83.67	51.83
Soalheira quente	6.00	5.67	6.00	6.33	6.00	5.67	6.00	6.00	83.67	50.14
Soalheira quente	6.00	5.67	6.17	5.83	5.67	6.17	6.00	6.17	83.67	52.17
Soalheira quente	6.00	5.67	6.00	6.33	6.00	6.00	6.00	6.00	84.00	46.88
Soalheira quente	6.00	5.67	6.17	6.50	6.00	5.50	6.00	6.17	84.00	40.79
Soalheira quente	6.00	5.67	5.83	6.00	6.33	5.83	6.33	6.00	84.00	54.82
Soalheira quente	6.00	6.00	6.00	6.00	6.00	6.00	6.00	6.00	84.00	59.58
Soalheira quente	6.00	5.67	6.00	6.00	6.33	6.00	6.00	6.00	84.00	NA
Soalheira quente	6.00	5.67	6.00	6.00	6.33	6.33	6.00	6.00	84.33	35.72
Soalheira quente	6.00	6.00	6.00	6.00	6.00	6.17	6.00	6.17	84.33	57.11
Soalheira quente	6.00	5.67	6.00	6.33	6.00	6.33	6.00	6.00	84.33	NA
Soalheira quente	6.00	5.67	5.83	5.83	6.33	6.17	6.00	6.50	84.33	46.03
Soalheira quente	6.00	6.00	6.00	6.33	6.00	5.67	6.00	6.00	84.33	NA
Soalheira quente	6.00	6.00	6.17	6.17	6.00	6.17	6.00	6.17	84.67	45.32
Soalheira quente	6.00	6.00	6.50	6.17	6.00	6.17	5.67	6.17	84.67	34.05
Soalheira quente	5.67	6.00	6.33	6.33	6.33	6.00	6.00	6.00	84.67	56.56
Soalheira quente	6.00	6.33	6.00	6.17	6.00	6.17	6.00	6.00	84.67	NA
Soalheira quente	6.00	6.00	6.00	6.17	6.33	6.17	6.00	6.00	84.67	NA
Soalheira quente	6.00	6.00	6.17	6.00	6.00	6.17	6.17	6.17	84.67	NA
Soalheira quente	6.00	6.00	6.00	6.33	6.33	6.17	6.00	6.17	85.00	NA
Soalheira quente	6.00	5.83	6.00	6.17	6.33	6.00	6.33	6.33	85.00	NA
Soalheira quente	6.00	6.00	6.00	6.33	6.17	6.50	6.17	6.17	85.33	35.84
Soalheira quente	6.17	6.17	6.00	6.33	6.33	6.33	6.00	6.00	85.33	38.20
Soalheira quente	6.00	6.00	6.00	6.67	6.33	6.17	6.00	6.17	85.33	56.40
Soalheira quente	6.00	5.67	6.67	6.67	6.00	6.33	6.00	6.00	85.33	54.66
Soalheira quente	6.00	6.00	6.50	6.50	5.83	6.17	6.17	6.17	85.33	NA
Soalheira quente	6.00	6.33	6.33	6.00	6.33	6.17	6.00	6.17	85.33	NA
Soalheira quente	6.00	6.17	6.50	6.00	6.33	6.67	6.00	6.00	85.67	53.25
Soalheira quente	6.17	6.17	6.50	6.17	6.67	6.00	6.33	6.00	85.67	57.01
Soalheira quente	6.17	6.17	6.17	6.17	6.33	6.50	6.00	6.17	85.67	NA
Soalheira quente	5.67	6.33	6.17	6.17	6.67	6.50	6.33	6.17	86.00	50.77
Soalheira quente	6.33	6.33	6.00	6.33	6.33	6.00	6.33	6.33	86.00	40.82
Soalheira quente	6.00	6.17	6.00	6.50	6.33	6.83	6.00	6.17	86.00	60.09
Soalheira quente	6.17	6.17	6.00	6.33	6.50	6.00	6.33	6.50	86.00	54.96
Soalheira quente	6.33	6.00	6.33	6.50	6.83	6.50	6.33	6.17	86.33	NA
Soalheira quente	6.00	6.33	6.33	6.17	6.83	6.50	6.00	6.17	86.33	35.86
Soalheira quente	6.50	6.00	6.50	7.00	6.00	5.75	6.25	6.00	86.33	48.38
Soalheira quente	6.00	6.67	6.17	6.50	6.00	6.50	6.33	6.17	86.33	64.92
Soalheira quente	6.00	6.00	6.67	6.67	6.00	6.67	6.17	6.17	86.33	57.30
Soalheira quente	6.00	6.33	7.00	6.00	6.50	6.33	6.00	6.17	86.33	49.62
Soalheira quente	6.33	6.00	6.00	6.33	7.00	6.00	6.33	6.33	86.33	46.35
Soalheira quente	6.33	6.00	7.00	6.00	6.33	6.33	6.00	6.00	86.33	NA
Soalheira quente	5.67	6.33	6.50	6.33	6.83	6.83	6.00	6.17	86.67	52.12
Soalheira quente	6.33	6.67	6.33	6.00	6.50	6.50	6.33	6.00	86.67	NA
Soalheira quente	6.17	6.50	6.00	6.33	6.50	6.67	6.33	6.17	86.67	50.82
Soalheira quente	6.00	6.00	6.67	6.33	6.50	6.83	6.17	6.17	86.67	37.70
Soalheira quente	6.17	6.50	6.17	6.33	6.83	6.50	6.33	6.17	87.00	70.70
Soalheira quente	6.00	7.00	6.33	6.33	6.67	6.17	6.33	6.17	87.00	64.59
Soalheira quente	6.00	6.33	6.67	6.67	6.00	6.17	6.00	6.17	87.00	51.85
Soalheira quente	6.00	6.33	6.33	7.00	6.67	6.50	6.00	6.17	87.00	44.45
Soalheira quente	6.00	7.00	6.50	6.50	6.67	6.17	6.00	6.17	87.00	42.06
Soalheira quente	6.00	6.50	6.17	6.67	6.83	6.67	6.00	6.17	87.00	38.93
Soalheira quente	6.00	6.33	6.50	6.50	6.67	6.50	6.67	6.17	87.33	60.14
Soalheira quente	6.33	6.17	6.83	6.33	6.50	6.67	6.33	6.50	87.33	52.73
Soalheira quente	6.17	6.50	6.83	6.17	6.50	6.50	6.00	6.83	87.33	54.87
Soalheira quente	6.00	6.67	6.17	6.83	6.33	6.83	6.00	6.50	87.67	51.25
Soalheira quente	6.33	6.67	6.33	6.67	6.67	6.50	6.00	6.50	87.67	29.29
Soalheira quente	6.33	6.33	6.67	6.00	6.33	6.67	6.67	6.67	87.67	NA
Soalheira quente	6.33	6.33	7.00	6.33	6.00	7.00	6.50	6.17	88.00	NA
Soalheira quente	6.00	7.00	7.00	6.00	7.00	6.00	6.00	6.00	88.00	43.53
Soalheira quente	6.00	7.33	6.67	6.00	6.67	6.67	6.17	6.50	88.33	NA
Soalheira quente	6.33	7.00	7.00	6.67	7.00	6.67	6.33	6.33	89.33	44.78
Soalheira quente	6.33	7.00	6.67	6.67	6.67	7.00	6.33	6.67	89.33	47.93
Soalheira quente	6.67	6.67	6.67	6.67	6.67	6.83	6.33	6.83	89.33	NA
Soalheira quente	6.50	7.00	6.83	6.50	7.00	6.67	6.50	6.67	89.67	46.86
Soalheira quente	6.33	7.00	7.00	6.67	6.67	7.00	6.33	6.67	89.67	46.31
Soalheira quente	6.33	6.67	6.50	6.83	7.00	7.17	6.83	6.67	90.00	37.27
Soalheira quente	6.67	6.83	7.33	6.83	6.83	6.67	6.33	6.83	90.33	41.54
Soalheira quente	6.67	7.00	6.67	7.00	6.67	7.00	6.67	7.00	90.67	NA
Soalheira quente	6.67	7.33	7.00	6.50	7.00	7.17	6.67	6.67	91.00	40.95
Soalheira quente	7.00	7.00	7.00	7.00	7.00	7.33	6.67	7.00	92.33	24.90
Soalheira quente	7.00	7.50	7.00	7.00	7.17	7.33	7.00	7.00	93.00	70.12
Soalheira quente	7.00	7.50	7.33	7.00	7.33	7.17	7.00	7.00	93.33	38.47
Soalheira quente	6.83	7.50	7.17	7.17	7.00	7.50	7.00	7.17	93.33	49.29
Soalheira quente	7.00	7.33	7.00	7.33	7.33	7.67	7.00	7.00	93.67	41.26
Soalheira quente	7.00	7.50	7.50	7.50	7.67	7.50	7.00	7.00	94.67	69.86
