Anio	Estacion	Sitio	Cuadrante	Area_m2	Especie	Abundancia	A	gs	Fv/Fm	Chl_total
2009	Seca	BS1	1	10	SJ	12	3.47	227	0.787	4.2
2009	Seca	BS1	2	10	SJ	12	2.64	158	0.841	3.6
2009	Seca	BS1	3	10	SJ	14	3.68	181	0.807	3.9
2009	Seca	BS1	4	10	SJ	14	3.26	174	0.811	2.9
2009	Seca	BS1	5	10	SJ	17	3.5	200	0.796	3.4
2009	Seca	BS1	6	10	SJ	10	4	138	0.837	4.3
2009	Seca	BS1	7	10	SJ	17	2.62	218	0.785	3.8
2009	Seca	BS1	8	10	SJ	18	3.42	190	0.767	3.3
2009	Seca	BS1	9	10	SJ	14	4.34	248	0.805	4.1
2009	Seca	BS1	10	10	SJ	11	3.22	165	0.8	3.4
2009	Seca	BS1	11	10	SJ	18	3.19	242	0.795	3.2
2009	Seca	BS1	12	10	SJ	14	3.11	147	0.773	4.4
2009	Seca	BS1	13	10	SJ	10	3.24	204	0.824	4.1
2009	Seca	BS1	14	10	SJ	15	3.03	218	0.787	3.8
2009	Seca	BS1	15	10	SJ	17	3.52	192	0.779	3.3
2009	Seca	BS1	16	10	SJ	12	2.91	227	0.811	4
2009	Seca	BS1	17	10	SJ	10	3.75	183	0.816	2.6
2009	Seca	BS1	18	10	SJ	16	3.94	197	0.8	2.2
2009	Seca	BS1	19	10	SJ	16	3.12	205	0.804	4
2009	Seca	BS1	20	10	SJ	18	4.71	249	0.825	3.1
2009	Seca	BS1	21	10	SJ	19	3.13	229	0.838	4.2
2009	Seca	BS1	22	10	SJ	14	2.82	200	0.865	3.4
2009	Seca	BS1	23	10	SJ	12	3.93	202	0.799	3.4
2009	Seca	BS1	24	10	SJ	10	3.54	222	0.817	3
2009	Seca	BS1	25	10	SJ	10	4.17	184	0.8	2.4
2009	Seca	BS1	26	10	SJ	20	3.85	168	0.8	3
2009	Seca	BS1	27	10	SJ	17	3.94	191	0.786	3
2009	Seca	BS1	28	10	SJ	17	3.48	176	0.799	3
2009	Seca	BS1	29	10	SJ	16	3.56	166	0.797	3.5
2009	Seca	BS1	30	10	SJ	12	3.3	164	0.793	3.9
2009	Lluviosa	BS1	1	10	SJ	20	4.31	173	0.794	3.4
2009	Lluviosa	BS1	2	10	SJ	19	5.12	174	0.833	3.9
2009	Lluviosa	BS1	3	10	SJ	20	4.86	244	0.769	2.6
2009	Lluviosa	BS1	4	10	SJ	16	3.22	170	0.803	4
2009	Lluviosa	BS1	5	10	SJ	10	3.62	208	0.801	3.4
2009	Lluviosa	BS1	6	10	SJ	13	4.19	207	0.813	3.3
2009	Lluviosa	BS1	7	10	SJ	20	3.03	177	0.806	2.7
2009	Lluviosa	BS1	8	10	SJ	17	4.78	236	0.783	3.5
2009	Lluviosa	BS1	9	10	SJ	20	4.28	212	0.766	2.8
2009	Lluviosa	BS1	10	10	SJ	10	4.07	200	0.744	3.8
2009	Lluviosa	BS1	11	10	SJ	15	4.39	190	0.787	3.6
2009	Lluviosa	BS1	12	10	SJ	15	4.02	227	0.762	3.5
2009	Lluviosa	BS1	13	10	SJ	20	2.92	195	0.784	3.4
2009	Lluviosa	BS1	14	10	SJ	12	3.84	206	0.816	2.9
2009	Lluviosa	BS1	15	10	SJ	10	4.9	183	0.85	3.9
2009	Lluviosa	BS1	16	10	SJ	13	3.43	209	0.838	4.3
2009	Lluviosa	BS1	17	10	SJ	15	3.3	184	0.809	2.8
2009	Lluviosa	BS1	18	10	SJ	20	3.09	211	0.837	3.3
2009	Lluviosa	BS1	19	10	SJ	20	3.22	213	0.796	3.7
2009	Lluviosa	BS1	20	10	SJ	19	4.04	228	0.812	2.7
2009	Lluviosa	BS1	21	10	SJ	19	3.8	206	0.786	3.7
2009	Lluviosa	BS1	22	10	SJ	15	3.96	147	0.815	3.2
2009	Lluviosa	BS1	23	10	SJ	11	3.89	186	0.806	3.6
2009	Lluviosa	BS1	24	10	SJ	15	3.92	197	0.795	4.3
2009	Lluviosa	BS1	25	10	SJ	12	4.69	179	0.811	3.1
2009	Lluviosa	BS1	26	10	SJ	16	3.58	180	0.804	4
2009	Lluviosa	BS1	27	10	SJ	18	4.28	195	0.786	2.5
2009	Lluviosa	BS1	28	10	SJ	20	4.39	240	0.765	3.7
2009	Lluviosa	BS1	29	10	SJ	18	4.58	164	0.827	3
2009	Lluviosa	BS1	30	10	SJ	19	4.62	182	0.818	4
2009	Seca	BS1	1	10	VB	6	4.13	139	0.795	2.7
2009	Seca	BS1	2	10	VB	6	3.3	156	0.759	4
2009	Seca	BS1	3	10	VB	7	3.51	188	0.795	3.8
2009	Seca	BS1	4	10	VB	7	3.87	239	0.802	3.3
2009	Seca	BS1	5	10	VB	9	4.3	216	0.788	3.4
2009	Seca	BS1	6	10	VB	5	3.93	198	0.786	3.7
2009	Seca	BS1	7	10	VB	9	3.8	186	0.822	3.3
2009	Seca	BS1	8	10	VB	9	2.86	235	0.811	3.3
2009	Seca	BS1	9	10	VB	7	3.36	197	0.827	3.7
2009	Seca	BS1	10	10	VB	6	3.27	171	0.798	3.2
2009	Seca	BS1	11	10	VB	9	3.85	251	0.818	3
2009	Seca	BS1	12	10	VB	7	2.27	180	0.767	2.5
2009	Seca	BS1	13	10	VB	5	3.13	186	0.806	4
2009	Seca	BS1	14	10	VB	8	3.12	156	0.833	3.8
2009	Seca	BS1	15	10	VB	9	3.65	225	0.8	3.4
2009	Seca	BS1	16	10	VB	6	3.9	171	0.788	3.3
2009	Seca	BS1	17	10	VB	5	4.33	179	0.801	3.1
2009	Seca	BS1	18	10	VB	8	2.89	214	0.749	4
2009	Seca	BS1	19	10	VB	8	3.66	179	0.787	3.3
2009	Seca	BS1	20	10	VB	9	3.84	135	0.814	3.3
2009	Seca	BS1	21	10	VB	10	3.62	161	0.781	3.7
2009	Seca	BS1	22	10	VB	7	2.91	235	0.749	3.1
2009	Seca	BS1	23	10	VB	6	3.34	190	0.779	4.2
2009	Seca	BS1	24	10	VB	5	2.97	184	0.786	3.1
2009	Seca	BS1	25	10	VB	5	2.32	168	0.846	2.9
2009	Seca	BS1	26	10	VB	10	3.79	169	0.787	3.7
2009	Seca	BS1	27	10	VB	9	3.08	184	0.824	4.4
2009	Seca	BS1	28	10	VB	9	3.37	155	0.776	3.6
2009	Seca	BS1	29	10	VB	8	3.97	195	0.823	3.1
2009	Seca	BS1	30	10	VB	6	3.5	245	0.808	2.8
2009	Lluviosa	BS1	1	10	VB	10	3.4	221	0.785	3.6
2009	Lluviosa	BS1	2	10	VB	10	3.4	216	0.771	3.4
2009	Lluviosa	BS1	3	10	VB	10	4.13	204	0.805	3.5
2009	Lluviosa	BS1	4	10	VB	8	4.74	228	0.807	3.2
2009	Lluviosa	BS1	5	10	VB	5	4.12	197	0.846	2.8
2009	Lluviosa	BS1	6	10	VB	7	4.56	146	0.801	4.5
2009	Lluviosa	BS1	7	10	VB	10	3.9	231	0.791	3.6
2009	Lluviosa	BS1	8	10	VB	9	4.22	218	0.808	3.1
2009	Lluviosa	BS1	9	10	VB	10	3.75	206	0.803	3.7
2009	Lluviosa	BS1	10	10	VB	5	3.59	234	0.836	3.3
2009	Lluviosa	BS1	11	10	VB	8	4.48	192	0.833	3.4
2009	Lluviosa	BS1	12	10	VB	8	3.22	175	0.806	3.3
2009	Lluviosa	BS1	13	10	VB	10	4.44	200	0.794	2.9
2009	Lluviosa	BS1	14	10	VB	6	4.62	203	0.801	3.5
2009	Lluviosa	BS1	15	10	VB	5	4.12	147	0.8	3.1
2009	Lluviosa	BS1	16	10	VB	7	4.19	200	0.829	2.9
2009	Lluviosa	BS1	17	10	VB	8	4.05	220	0.812	3
2009	Lluviosa	BS1	18	10	VB	10	4.16	199	0.777	3.3
2009	Lluviosa	BS1	19	10	VB	10	3.8	211	0.797	3.3
2009	Lluviosa	BS1	20	10	VB	10	4.47	180	0.765	3.5
2009	Lluviosa	BS1	21	10	VB	10	3.41	213	0.803	2.9
2009	Lluviosa	BS1	22	10	VB	8	3.63	155	0.772	2.9
2009	Lluviosa	BS1	23	10	VB	6	4.77	180	0.788	3.6
2009	Lluviosa	BS1	24	10	VB	8	3.9	147	0.836	3.2
2009	Lluviosa	BS1	25	10	VB	6	3.52	218	0.808	3
2009	Lluviosa	BS1	26	10	VB	8	4.64	211	0.818	3.4
2009	Lluviosa	BS1	27	10	VB	9	4.05	176	0.791	4.1
2009	Lluviosa	BS1	28	10	VB	10	4.9	188	0.769	3.8
2009	Lluviosa	BS1	29	10	VB	9	3.26	220	0.774	2.9
2009	Lluviosa	BS1	30	10	VB	10	3.33	156	0.797	4
2009	Seca	BS1	1	10	MD	3	3.84	231	0.8	3.7
2009	Seca	BS1	2	10	MD	3	3.26	201	0.833	2.7
2009	Seca	BS1	3	10	MD	4	3.84	172	0.797	2.6
2009	Seca	BS1	4	10	MD	4	3.46	185	0.787	3.6
2009	Seca	BS1	5	10	MD	4	3.64	187	0.81	3.2
2009	Seca	BS1	6	10	MD	3	2.98	158	0.793	3
2009	Seca	BS1	7	10	MD	4	3.42	160	0.791	3.2
2009	Seca	BS1	8	10	MD	5	3.94	212	0.832	3.7
2009	Seca	BS1	9	10	MD	4	4.06	189	0.835	3.3
2009	Seca	BS1	10	10	MD	3	4.46	190	0.79	3.4
2009	Seca	BS1	11	10	MD	5	3.2	205	0.806	3.2
2009	Seca	BS1	12	10	MD	4	3.53	166	0.795	2.9
2009	Seca	BS1	13	10	MD	3	3.2	171	0.791	4
2009	Seca	BS1	14	10	MD	4	4.29	159	0.799	4.1
2009	Seca	BS1	15	10	MD	4	3.64	174	0.839	3.8
2009	Seca	BS1	16	10	MD	3	4.33	212	0.825	4.7
2009	Seca	BS1	17	10	MD	3	3.55	196	0.79	3.6
2009	Seca	BS1	18	10	MD	4	4.04	207	0.806	3.4
2009	Seca	BS1	19	10	MD	4	4.04	153	0.81	3.6
2009	Seca	BS1	20	10	MD	5	3.77	223	0.735	3.2
2009	Seca	BS1	21	10	MD	5	3.58	216	0.811	3.6
2009	Seca	BS1	22	10	MD	4	2.81	216	0.829	3.5
2009	Seca	BS1	23	10	MD	3	3.2	199	0.8	2.5
2009	Seca	BS1	24	10	MD	3	4.02	193	0.767	3.5
2009	Seca	BS1	25	10	MD	3	3.17	184	0.791	2.9
2009	Seca	BS1	26	10	MD	5	2.76	162	0.826	3.5
2009	Seca	BS1	27	10	MD	4	3.77	218	0.792	4.1
2009	Seca	BS1	28	10	MD	4	2.72	202	0.833	3.7
2009	Seca	BS1	29	10	MD	4	3.26	190	0.781	3.6
2009	Seca	BS1	30	10	MD	3	3.31	185	0.797	3.2
2009	Lluviosa	BS1	1	10	MD	5	3.01	194	0.779	3.3
2009	Lluviosa	BS1	2	10	MD	5	3.79	200	0.794	4.1
2009	Lluviosa	BS1	3	10	MD	5	3.93	217	0.801	3.2
2009	Lluviosa	BS1	4	10	MD	4	3.2	238	0.803	3.5
2009	Lluviosa	BS1	5	10	MD	3	3.37	220	0.802	2.9
2009	Lluviosa	BS1	6	10	MD	3	4.17	159	0.765	4.1
2009	Lluviosa	BS1	7	10	MD	5	4.56	215	0.823	3.8
2009	Lluviosa	BS1	8	10	MD	4	3.94	215	0.819	3.6
2009	Lluviosa	BS1	9	10	MD	5	3.65	190	0.786	3.4
2009	Lluviosa	BS1	10	10	MD	3	4.88	253	0.793	3.9
2009	Lluviosa	BS1	11	10	MD	4	4.04	250	0.781	3.2
2009	Lluviosa	BS1	12	10	MD	4	4.31	199	0.796	3.7
2009	Lluviosa	BS1	13	10	MD	5	5.19	173	0.782	3.2
2009	Lluviosa	BS1	14	10	MD	3	3.49	227	0.809	3.2
2009	Lluviosa	BS1	15	10	MD	3	3.85	156	0.788	3.4
2009	Lluviosa	BS1	16	10	MD	3	3.75	188	0.798	3.4
2009	Lluviosa	BS1	17	10	MD	4	3.09	212	0.795	4
2009	Lluviosa	BS1	18	10	MD	5	4.25	187	0.833	4.2
2009	Lluviosa	BS1	19	10	MD	5	4.01	199	0.807	3.8
2009	Lluviosa	BS1	20	10	MD	5	4.13	186	0.802	4.5
2009	Lluviosa	BS1	21	10	MD	5	3.27	209	0.795	2.6
2009	Lluviosa	BS1	22	10	MD	4	3.84	254	0.791	3.3
2009	Lluviosa	BS1	23	10	MD	3	3.45	160	0.815	3.6
2009	Lluviosa	BS1	24	10	MD	4	4.55	149	0.826	3.9
2009	Lluviosa	BS1	25	10	MD	3	3.75	177	0.792	3.8
2009	Lluviosa	BS1	26	10	MD	4	3.72	172	0.81	3.3
2009	Lluviosa	BS1	27	10	MD	5	3.86	169	0.792	4.2
2009	Lluviosa	BS1	28	10	MD	5	3.68	197	0.801	3.2
2009	Lluviosa	BS1	29	10	MD	5	4.34	206	0.796	3.9
2009	Lluviosa	BS1	30	10	MD	5	5.08	170	0.788	3.5
2009	Seca	BS1	1	10	MC	2	2.98	215	0.839	3.4
2009	Seca	BS1	2	10	MC	2	3.78	233	0.768	3.2
2009	Seca	BS1	3	10	MC	2	3.4	187	0.828	3.7
2009	Seca	BS1	4	10	MC	2	3.11	204	0.782	4
2009	Seca	BS1	5	10	MC	2	3.31	204	0.796	2.8
2009	Seca	BS1	6	10	MC	1	3.42	177	0.832	3.6
2009	Seca	BS1	7	10	MC	2	3.14	171	0.795	3.9
2009	Seca	BS1	8	10	MC	2	3.91	207	0.842	3.8
2009	Seca	BS1	9	10	MC	2	3.78	205	0.792	3.1
2009	Seca	BS1	10	10	MC	1	3.12	177	0.83	2.7
2009	Seca	BS1	11	10	MC	2	3.08	172	0.775	3.2
2009	Seca	BS1	12	10	MC	2	4.18	203	0.808	3.7
2009	Seca	BS1	13	10	MC	1	3.76	202	0.782	2.2
2009	Seca	BS1	14	10	MC	2	3.73	195	0.818	3.4
2009	Seca	BS1	15	10	MC	2	2.99	162	0.817	3.1
2009	Seca	BS1	16	10	MC	2	3.69	206	0.812	3.1
2009	Seca	BS1	17	10	MC	1	3.67	194	0.811	2.8
2009	Seca	BS1	18	10	MC	2	2.74	253	0.789	3.7
2009	Seca	BS1	19	10	MC	2	3.13	196	0.85	3.4
2009	Seca	BS1	20	10	MC	2	2.39	178	0.824	2.9
2009	Seca	BS1	21	10	MC	2	3.48	197	0.803	3.1
2009	Seca	BS1	22	10	MC	2	2.05	223	0.818	3.6
2009	Seca	BS1	23	10	MC	2	3.84	151	0.831	3.4
2009	Seca	BS1	24	10	MC	1	3.79	183	0.77	3.6
2009	Seca	BS1	25	10	MC	1	4.04	200	0.779	3.1
2009	Seca	BS1	26	10	MC	3	4.02	238	0.807	3.5
2009	Seca	BS1	27	10	MC	2	3.55	238	0.805	2.7
2009	Seca	BS1	28	10	MC	2	2.85	196	0.802	3.9
2009	Seca	BS1	29	10	MC	2	3.08	190	0.787	2.4
2009	Seca	BS1	30	10	MC	2	3.74	189	0.745	3
2009	Lluviosa	BS1	1	10	MC	3	3.72	204	0.776	4.1
2009	Lluviosa	BS1	2	10	MC	2	3.89	181	0.771	3.7
2009	Lluviosa	BS1	3	10	MC	3	4.49	197	0.826	2.3
2009	Lluviosa	BS1	4	10	MC	2	3.8	159	0.815	3.9
2009	Lluviosa	BS1	5	10	MC	1	3.12	207	0.783	3.8
2009	Lluviosa	BS1	6	10	MC	2	3.24	129	0.776	3.2
2009	Lluviosa	BS1	7	10	MC	3	3.65	175	0.766	3.3
2009	Lluviosa	BS1	8	10	MC	2	3.17	249	0.794	3.7
2009	Lluviosa	BS1	9	10	MC	3	3.92	178	0.793	3.4
2009	Lluviosa	BS1	10	10	MC	1	4.88	254	0.817	4
2009	Lluviosa	BS1	11	10	MC	2	3.68	185	0.819	3.5
2009	Lluviosa	BS1	12	10	MC	2	4.02	220	0.8	3
2009	Lluviosa	BS1	13	10	MC	3	3.89	222	0.776	3.6
2009	Lluviosa	BS1	14	10	MC	2	4.09	190	0.795	3.4
2009	Lluviosa	BS1	15	10	MC	1	4.59	154	0.772	2.4
2009	Lluviosa	BS1	16	10	MC	2	4.06	190	0.782	3
2009	Lluviosa	BS1	17	10	MC	2	4.08	186	0.827	3.6
2009	Lluviosa	BS1	18	10	MC	3	3.37	215	0.786	3.6
2009	Lluviosa	BS1	19	10	MC	3	3.32	140	0.844	3.6
2009	Lluviosa	BS1	20	10	MC	2	3.33	191	0.794	3.9
2009	Lluviosa	BS1	21	10	MC	2	3.24	220	0.81	3.6
2009	Lluviosa	BS1	22	10	MC	2	4.26	199	0.827	2.8
2009	Lluviosa	BS1	23	10	MC	1	4.11	204	0.775	3.4
2009	Lluviosa	BS1	24	10	MC	2	4.41	252	0.797	3.6
2009	Lluviosa	BS1	25	10	MC	2	4.39	248	0.816	3.6
2009	Lluviosa	BS1	26	10	MC	2	3.94	202	0.799	3.9
2009	Lluviosa	BS1	27	10	MC	2	4.5	198	0.748	3.1
2009	Lluviosa	BS1	28	10	MC	3	3.97	194	0.812	3.5
2009	Lluviosa	BS1	29	10	MC	2	4.12	217	0.78	3.2
2009	Lluviosa	BS1	30	10	MC	2	4.07	167	0.785	3.6
2009	Seca	BS2	1	10	SJ	19	2.97	174	0.756	2
2009	Seca	BS2	2	10	SJ	11	2.14	167	0.81	1.7
2009	Seca	BS2	3	10	SJ	16	3.18	192	0.822	1.6
2009	Seca	BS2	4	10	SJ	13	2.76	114	0.806	1.4
2009	Seca	BS2	5	10	SJ	14	3	193	0.833	1.3
2009	Seca	BS2	6	10	SJ	16	3.5	138	0.817	2.1
2009	Seca	BS2	7	10	SJ	11	2.12	140	0.816	1
2009	Seca	BS2	8	10	SJ	18	2.92	139	0.788	2.4
2009	Seca	BS2	9	10	SJ	11	3.84	148	0.786	2.2
2009	Seca	BS2	10	10	SJ	15	2.72	154	0.83	1.5
2009	Seca	BS2	11	10	SJ	10	2.69	149	0.77	1.7
2009	Seca	BS2	12	10	SJ	16	2.61	132	0.809	1.9
2009	Seca	BS2	13	10	SJ	17	2.74	134	0.779	1.9
2009	Seca	BS2	14	10	SJ	14	2.53	201	0.797	1.9
2009	Seca	BS2	15	10	SJ	15	3.02	217	0.791	3.2
2009	Seca	BS2	16	10	SJ	14	2.41	157	0.812	1.7
2009	Seca	BS2	17	10	SJ	11	3.25	200	0.801	2
2009	Seca	BS2	18	10	SJ	20	3.44	139	0.807	2.6
2009	Seca	BS2	19	10	SJ	13	2.62	147	0.83	1.4
2009	Seca	BS2	20	10	SJ	12	4.21	171	0.772	3.1
2009	Seca	BS2	21	10	SJ	15	2.63	216	0.769	1.8
2009	Seca	BS2	22	10	SJ	10	2.32	182	0.817	2.1
2009	Seca	BS2	23	10	SJ	20	3.43	158	0.801	2.3
2009	Seca	BS2	24	10	SJ	18	3.04	192	0.811	2
2009	Seca	BS2	25	10	SJ	20	3.67	170	0.777	2.3
2009	Seca	BS2	26	10	SJ	15	3.35	119	0.798	1.9
2009	Seca	BS2	27	10	SJ	10	3.44	151	0.813	2.3
2009	Seca	BS2	28	10	SJ	12	2.98	185	0.804	2
2009	Seca	BS2	29	10	SJ	19	3.06	128	0.79	2
2009	Seca	BS2	30	10	SJ	10	2.8	162	0.801	2
2009	Lluviosa	BS2	1	10	SJ	15	3.81	110	0.766	1.9
2009	Lluviosa	BS2	2	10	SJ	10	4.62	175	0.802	1.9
2009	Lluviosa	BS2	3	10	SJ	18	4.36	168	0.822	1.7
2009	Lluviosa	BS2	4	10	SJ	20	2.72	160	0.795	1.9
2009	Lluviosa	BS2	5	10	SJ	16	3.12	168	0.809	2.1
2009	Lluviosa	BS2	6	10	SJ	17	3.69	142	0.796	2.4
2009	Lluviosa	BS2	7	10	SJ	19	2.53	143	0.796	1.6
2009	Lluviosa	BS2	8	10	SJ	14	4.28	175	0.803	1.3
2009	Lluviosa	BS2	9	10	SJ	11	3.78	153	0.801	1.6
2009	Lluviosa	BS2	10	10	SJ	12	3.57	176	0.828	2.2
2009	Lluviosa	BS2	11	10	SJ	16	3.89	164	0.856	1.9
2009	Lluviosa	BS2	12	10	SJ	18	3.52	190	0.803	2.3
2009	Lluviosa	BS2	13	10	SJ	10	2.42	154	0.796	1.9
2009	Lluviosa	BS2	14	10	SJ	16	3.34	172	0.822	1.8
2009	Lluviosa	BS2	15	10	SJ	18	4.4	164	0.835	2.3
2009	Lluviosa	BS2	16	10	SJ	11	2.93	198	0.756	2.6
2009	Lluviosa	BS2	17	10	SJ	14	2.8	190	0.791	1.6
2009	Lluviosa	BS2	18	10	SJ	13	2.59	165	0.833	1.7
2009	Lluviosa	BS2	19	10	SJ	10	2.72	208	0.814	1.6
2009	Lluviosa	BS2	20	10	SJ	10	3.54	121	0.776	1.4
2009	Lluviosa	BS2	21	10	SJ	20	3.3	199	0.778	2.4
2009	Lluviosa	BS2	22	10	SJ	14	3.46	184	0.819	1.6
2009	Lluviosa	BS2	23	10	SJ	14	3.39	193	0.795	2.2
2009	Lluviosa	BS2	24	10	SJ	20	3.42	103	0.801	1.2
2009	Lluviosa	BS2	25	10	SJ	15	4.19	121	0.808	1.8
2009	Lluviosa	BS2	26	10	SJ	14	3.08	154	0.793	1.8
2009	Lluviosa	BS2	27	10	SJ	18	3.78	159	0.82	2.3
2009	Lluviosa	BS2	28	10	SJ	14	3.89	144	0.809	2.1
2009	Lluviosa	BS2	29	10	SJ	13	4.08	114	0.806	1
2009	Lluviosa	BS2	30	10	SJ	18	4.12	142	0.779	1.1
2009	Seca	BS2	1	10	VB	10	3.63	162	0.826	1.7
2009	Seca	BS2	2	10	VB	6	2.8	120	0.777	2.8
2009	Seca	BS2	3	10	VB	8	3.01	180	0.799	2.1
2009	Seca	BS2	4	10	VB	7	3.37	143	0.815	2.8
2009	Seca	BS2	5	10	VB	7	3.8	145	0.816	2.2
2009	Seca	BS2	6	10	VB	8	3.43	155	0.8	3.2
2009	Seca	BS2	7	10	VB	6	3.3	134	0.779	1.8
2009	Seca	BS2	8	10	VB	9	2.36	164	0.777	2.1
2009	Seca	BS2	9	10	VB	6	2.86	196	0.8	2.1
2009	Seca	BS2	10	10	VB	8	2.77	122	0.791	2.9
2009	Seca	BS2	11	10	VB	5	3.35	152	0.776	2.6
2009	Seca	BS2	12	10	VB	8	1.77	110	0.773	1.8
2009	Seca	BS2	13	10	VB	9	2.63	147	0.792	1.9
2009	Seca	BS2	14	10	VB	7	2.62	146	0.784	2.1
2009	Seca	BS2	15	10	VB	8	3.15	162	0.776	2.4
2009	Seca	BS2	16	10	VB	7	3.4	191	0.795	2.5
2009	Seca	BS2	17	10	VB	6	3.83	112	0.8	1.7
2009	Seca	BS2	18	10	VB	10	2.39	109	0.763	1.6
2009	Seca	BS2	19	10	VB	7	3.16	148	0.788	2.3
2009	Seca	BS2	20	10	VB	6	3.34	154	0.819	2.5
2009	Seca	BS2	21	10	VB	8	3.12	145	0.802	3
2009	Seca	BS2	22	10	VB	5	2.41	170	0.807	2.3
2009	Seca	BS2	23	10	VB	10	2.84	202	0.796	2.2
2009	Seca	BS2	24	10	VB	9	2.47	115	0.824	2.5
2009	Seca	BS2	25	10	VB	10	1.82	181	0.816	2.5
2009	Seca	BS2	26	10	VB	8	3.29	115	0.805	2.5
2009	Seca	BS2	27	10	VB	5	2.58	154	0.789	1.1
2009	Seca	BS2	28	10	VB	6	2.87	143	0.769	2.4
2009	Seca	BS2	29	10	VB	10	3.47	182	0.796	2.2
2009	Seca	BS2	30	10	VB	5	3	110	0.81	2.2
2009	Lluviosa	BS2	1	10	VB	8	2.9	138	0.814	2.5
2009	Lluviosa	BS2	2	10	VB	5	2.9	161	0.839	1.3
2009	Lluviosa	BS2	3	10	VB	9	3.63	150	0.813	1.8
2009	Lluviosa	BS2	4	10	VB	10	4.24	206	0.81	2.7
2009	Lluviosa	BS2	5	10	VB	8	3.62	128	0.815	2
2009	Lluviosa	BS2	6	10	VB	9	4.06	148	0.794	1.9
2009	Lluviosa	BS2	7	10	VB	10	3.4	134	0.815	1.4
2009	Lluviosa	BS2	8	10	VB	7	3.72	122	0.8	3
2009	Lluviosa	BS2	9	10	VB	6	3.25	142	0.834	1.9
2009	Lluviosa	BS2	10	10	VB	6	3.09	172	0.797	1.8
2009	Lluviosa	BS2	11	10	VB	8	3.98	169	0.811	2.7
2009	Lluviosa	BS2	12	10	VB	9	2.72	144	0.79	1.2
2009	Lluviosa	BS2	13	10	VB	5	3.94	130	0.805	2.1
2009	Lluviosa	BS2	14	10	VB	8	4.12	118	0.799	0.9
2009	Lluviosa	BS2	15	10	VB	9	3.62	194	0.813	2.3
2009	Lluviosa	BS2	16	10	VB	6	3.69	194	0.788	1.8
2009	Lluviosa	BS2	17	10	VB	7	3.55	112	0.793	1.4
2009	Lluviosa	BS2	18	10	VB	7	3.66	210	0.774	1.9
2009	Lluviosa	BS2	19	10	VB	5	3.3	193	0.767	1.9
2009	Lluviosa	BS2	20	10	VB	5	3.97	160	0.807	2.4
2009	Lluviosa	BS2	21	10	VB	10	2.91	174	0.805	2
2009	Lluviosa	BS2	22	10	VB	7	3.13	139	0.818	1.8
2009	Lluviosa	BS2	23	10	VB	7	4.27	217	0.78	2.3
2009	Lluviosa	BS2	24	10	VB	10	3.4	213	0.811	2.7
2009	Lluviosa	BS2	25	10	VB	8	3.02	201	0.847	1.8
2009	Lluviosa	BS2	26	10	VB	7	4.14	132	0.756	2.5
2009	Lluviosa	BS2	27	10	VB	9	3.55	109	0.827	2.7
2009	Lluviosa	BS2	28	10	VB	7	4.4	156	0.803	1.6
2009	Lluviosa	BS2	29	10	VB	7	2.76	123	0.817	2.3
2009	Lluviosa	BS2	30	10	VB	9	2.83	194	0.788	1.9
2009	Seca	BS2	1	10	MD	5	3.34	206	0.789	2.3
2009	Seca	BS2	2	10	MD	3	2.76	162	0.782	3
2009	Seca	BS2	3	10	MD	4	3.34	153	0.812	1.8
2009	Seca	BS2	4	10	MD	3	2.96	164	0.767	0.9
2009	Seca	BS2	5	10	MD	4	3.14	158	0.809	2.2
2009	Seca	BS2	6	10	MD	4	2.48	187	0.788	2.1
2009	Seca	BS2	7	10	MD	3	2.92	198	0.814	1.9
2009	Seca	BS2	8	10	MD	5	3.44	197	0.81	1
2009	Seca	BS2	9	10	MD	3	3.56	117	0.821	1.9
2009	Seca	BS2	10	10	MD	4	3.96	145	0.782	2.3
2009	Seca	BS2	11	10	MD	3	2.7	188	0.811	0.9
2009	Seca	BS2	12	10	MD	4	3.03	144	0.798	1.9
2009	Seca	BS2	13	10	MD	4	2.7	151	0.799	2.4
2009	Seca	BS2	14	10	MD	4	3.79	140	0.799	1.8
2009	Seca	BS2	15	10	MD	4	3.14	158	0.827	1.7
2009	Seca	BS2	16	10	MD	4	3.83	152	0.794	1.3
2009	Seca	BS2	17	10	MD	3	3.05	148	0.797	2.1
2009	Seca	BS2	18	10	MD	5	3.54	82	0.807	1.6
2009	Seca	BS2	19	10	MD	3	3.54	146	0.81	1.7
2009	Seca	BS2	20	10	MD	3	3.27	162	0.798	2.2
2009	Seca	BS2	21	10	MD	4	3.08	173	0.805	2
2009	Seca	BS2	22	10	MD	3	2.31	124	0.777	1.4
2009	Seca	BS2	23	10	MD	5	2.7	174	0.79	1.9
2009	Seca	BS2	24	10	MD	5	3.52	172	0.819	1.3
2009	Seca	BS2	25	10	MD	5	2.67	121	0.789	3
2009	Seca	BS2	26	10	MD	4	2.26	134	0.78	1.7
2009	Seca	BS2	27	10	MD	3	3.27	200	0.815	2.2
2009	Seca	BS2	28	10	MD	3	2.22	165	0.743	2.5
2009	Seca	BS2	29	10	MD	5	2.76	200	0.821	2.1
2009	Seca	BS2	30	10	MD	3	2.81	166	0.813	2.3
2009	Lluviosa	BS2	1	10	MD	4	2.51	191	0.768	2.2
2009	Lluviosa	BS2	2	10	MD	3	3.29	148	0.786	1.7
2009	Lluviosa	BS2	3	10	MD	5	3.43	177	0.799	1.7
2009	Lluviosa	BS2	4	10	MD	5	2.7	191	0.785	1.6
2009	Lluviosa	BS2	5	10	MD	4	2.87	164	0.741	2
2009	Lluviosa	BS2	6	10	MD	4	3.67	162	0.814	1.2
2009	Lluviosa	BS2	7	10	MD	5	4.06	140	0.795	1.5
2009	Lluviosa	BS2	8	10	MD	4	3.44	188	0.783	2.4
2009	Lluviosa	BS2	9	10	MD	3	3.15	144	0.793	1.4
2009	Lluviosa	BS2	10	10	MD	3	4.38	141	0.816	1.4
2009	Lluviosa	BS2	11	10	MD	4	3.54	164	0.813	1.5
2009	Lluviosa	BS2	12	10	MD	5	3.81	171	0.77	2.7
2009	Lluviosa	BS2	13	10	MD	3	4.69	190	0.798	2.4
2009	Lluviosa	BS2	14	10	MD	4	2.99	175	0.816	2.4
2009	Lluviosa	BS2	15	10	MD	5	3.35	198	0.811	1.3
2009	Lluviosa	BS2	16	10	MD	3	3.25	138	0.792	1
2009	Lluviosa	BS2	17	10	MD	4	2.59	141	0.813	0.9
2009	Lluviosa	BS2	18	10	MD	3	3.75	158	0.801	2
2009	Lluviosa	BS2	19	10	MD	3	3.51	223	0.792	2.2
2009	Lluviosa	BS2	20	10	MD	3	3.63	172	0.794	1.3
2009	Lluviosa	BS2	21	10	MD	5	2.77	145	0.799	2
2009	Lluviosa	BS2	22	10	MD	4	3.34	165	0.803	1.5
2009	Lluviosa	BS2	23	10	MD	4	2.95	196	0.763	1.3
2009	Lluviosa	BS2	24	10	MD	5	4.05	136	0.819	2.2
2009	Lluviosa	BS2	25	10	MD	4	3.25	202	0.778	2.6
2009	Lluviosa	BS2	26	10	MD	4	3.22	209	0.817	2.2
2009	Lluviosa	BS2	27	10	MD	5	3.36	116	0.806	2.5
2009	Lluviosa	BS2	28	10	MD	4	3.18	148	0.768	2
2009	Lluviosa	BS2	29	10	MD	3	3.84	175	0.815	2.3
2009	Lluviosa	BS2	30	10	MD	5	4.58	231	0.812	2.3
2009	Seca	BS2	1	10	MC	2	2.48	142	0.784	1.6
2009	Seca	BS2	2	10	MC	1	3.28	172	0.754	2.5
2009	Seca	BS2	3	10	MC	2	2.9	165	0.812	1.6
2009	Seca	BS2	4	10	MC	2	2.61	174	0.799	2
2009	Seca	BS2	5	10	MC	2	2.81	134	0.769	2.5
2009	Seca	BS2	6	10	MC	2	2.92	218	0.779	2.2
2009	Seca	BS2	7	10	MC	1	2.64	164	0.799	1.8
2009	Seca	BS2	8	10	MC	2	3.41	189	0.816	2.3
2009	Seca	BS2	9	10	MC	1	3.28	184	0.794	1.6
2009	Seca	BS2	10	10	MC	2	2.62	108	0.797	2
2009	Seca	BS2	11	10	MC	1	2.58	149	0.798	2.2
2009	Seca	BS2	12	10	MC	2	3.68	144	0.765	1.9
2009	Seca	BS2	13	10	MC	2	3.26	150	0.796	0.6
2009	Seca	BS2	14	10	MC	2	3.23	152	0.786	1.6
2009	Seca	BS2	15	10	MC	2	2.49	158	0.81	2.5
2009	Seca	BS2	16	10	MC	2	3.19	166	0.784	1.9
2009	Seca	BS2	17	10	MC	1	3.17	206	0.79	1.7
2009	Seca	BS2	18	10	MC	3	2.24	170	0.798	1.2
2009	Seca	BS2	19	10	MC	2	2.63	156	0.805	2.9
2009	Seca	BS2	20	10	MC	2	1.89	166	0.827	2.5
2009	Seca	BS2	21	10	MC	2	2.98	182	0.771	1.8
2009	Seca	BS2	22	10	MC	1	1.55	169	0.778	2.5
2009	Seca	BS2	23	10	MC	3	3.34	159	0.83	2.7
2009	Seca	BS2	24	10	MC	2	3.29	143	0.788	2
2009	Seca	BS2	25	10	MC	3	3.54	150	0.779	2.2
2009	Seca	BS2	26	10	MC	2	3.52	142	0.789	1.1
2009	Seca	BS2	27	10	MC	1	3.05	180	0.807	1.9
2009	Seca	BS2	28	10	MC	2	2.35	153	0.801	2.3
2009	Seca	BS2	29	10	MC	2	2.58	136	0.804	2.1
2009	Seca	BS2	30	10	MC	1	3.24	234	0.817	2.6
2009	Lluviosa	BS2	1	10	MC	2	3.22	138	0.808	1.9
2009	Lluviosa	BS2	2	10	MC	1	3.39	169	0.835	2.2
2009	Lluviosa	BS2	3	10	MC	2	3.99	126	0.795	2.1
2009	Lluviosa	BS2	4	10	MC	3	3.3	138	0.802	1.8
2009	Lluviosa	BS2	5	10	MC	2	2.62	137	0.802	2.2
2009	Lluviosa	BS2	6	10	MC	2	2.74	142	0.784	2.1
2009	Lluviosa	BS2	7	10	MC	2	3.15	145	0.777	2.4
2009	Lluviosa	BS2	8	10	MC	2	2.67	194	0.778	2.4
2009	Lluviosa	BS2	9	10	MC	1	3.42	136	0.803	1.9
2009	Lluviosa	BS2	10	10	MC	2	4.38	148	0.802	2.2
2009	Lluviosa	BS2	11	10	MC	2	3.18	148	0.822	2.3
2009	Lluviosa	BS2	12	10	MC	2	3.52	138	0.789	2.2
2009	Lluviosa	BS2	13	10	MC	1	3.39	154	0.801	2
2009	Lluviosa	BS2	14	10	MC	2	3.59	140	0.746	2.3
2009	Lluviosa	BS2	15	10	MC	2	4.09	159	0.814	1.6
2009	Lluviosa	BS2	16	10	MC	1	3.56	104	0.8	2.7
2009	Lluviosa	BS2	17	10	MC	2	3.58	182	0.805	2.3
2009	Lluviosa	BS2	18	10	MC	2	2.87	144	0.81	1.4
2009	Lluviosa	BS2	19	10	MC	1	2.82	188	0.817	2.5
2009	Lluviosa	BS2	20	10	MC	1	2.83	114	0.801	2.7
2009	Lluviosa	BS2	21	10	MC	3	2.74	196	0.78	1.4
2009	Lluviosa	BS2	22	10	MC	2	3.76	166	0.783	1.9
2009	Lluviosa	BS2	23	10	MC	2	3.61	200	0.795	2.2
2009	Lluviosa	BS2	24	10	MC	3	3.91	128	0.764	1.3
2009	Lluviosa	BS2	25	10	MC	2	3.89	170	0.794	1.9
2009	Lluviosa	BS2	26	10	MC	2	3.44	142	0.798	1.9
2009	Lluviosa	BS2	27	10	MC	2	4	152	0.804	0.8
2009	Lluviosa	BS2	28	10	MC	2	3.47	187	0.803	2
2009	Lluviosa	BS2	29	10	MC	2	3.62	195	0.791	1.8
2009	Lluviosa	BS2	30	10	MC	2	3.57	183	0.785	2.1
2009	Seca	BS3	1	10	SJ	19	2.22	138	0.8	0.9
2009	Seca	BS3	2	10	SJ	14	1.39	136	0.809	2
2009	Seca	BS3	3	10	SJ	10	2.43	153	0.808	0.6
2009	Seca	BS3	4	10	SJ	13	2.01	154	0.791	1.1
2009	Seca	BS3	5	10	SJ	14	2.25	133	0.804	1.9
2009	Seca	BS3	6	10	SJ	18	2.75	138	0.755	1.6
2009	Seca	BS3	7	10	SJ	13	1.37	196	0.813	0.9
2009	Seca	BS3	8	10	SJ	16	2.17	125	0.799	1.5
2009	Seca	BS3	9	10	SJ	13	3.09	152	0.807	2.1
2009	Seca	BS3	10	10	SJ	13	1.97	152	0.829	1.6
2009	Seca	BS3	11	10	SJ	19	1.94	122	0.817	2.2
2009	Seca	BS3	12	10	SJ	20	1.86	163	0.815	1.7
2009	Seca	BS3	13	10	SJ	18	1.99	127	0.789	1.3
2009	Seca	BS3	14	10	SJ	15	1.78	171	0.801	1.1
2009	Seca	BS3	15	10	SJ	13	2.27	116	0.821	1.2
2009	Seca	BS3	16	10	SJ	13	1.66	155	0.816	1.7
2009	Seca	BS3	17	10	SJ	16	2.5	143	0.82	1.8
2009	Seca	BS3	18	10	SJ	16	2.69	160	0.808	2.2
2009	Seca	BS3	19	10	SJ	11	1.87	133	0.833	1.9
2009	Seca	BS3	20	10	SJ	13	3.46	153	0.805	0.9
2009	Seca	BS3	21	10	SJ	10	1.88	113	0.822	1.3
2009	Seca	BS3	22	10	SJ	11	1.57	121	0.783	1
2009	Seca	BS3	23	10	SJ	10	2.68	96	0.811	1.9
2009	Seca	BS3	24	10	SJ	13	2.29	153	0.798	0.8
2009	Seca	BS3	25	10	SJ	10	2.92	177	0.765	1.4
2009	Seca	BS3	26	10	SJ	12	2.6	136	0.798	1.6
2009	Seca	BS3	27	10	SJ	12	2.69	156	0.823	1.5
2009	Seca	BS3	28	10	SJ	20	2.23	176	0.813	1.6
2009	Seca	BS3	29	10	SJ	11	2.31	134	0.801	1.6
2009	Seca	BS3	30	10	SJ	18	2.05	143	0.768	1.7
2009	Lluviosa	BS3	1	10	SJ	19	3.06	80	0.801	1.4
2009	Lluviosa	BS3	2	10	SJ	15	3.87	174	0.8	1.7
2009	Lluviosa	BS3	3	10	SJ	10	3.61	125	0.809	1.4
2009	Lluviosa	BS3	4	10	SJ	10	1.97	128	0.811	1.5
2009	Lluviosa	BS3	5	10	SJ	19	2.37	141	0.836	1.4
2009	Lluviosa	BS3	6	10	SJ	13	2.94	142	0.805	1.2
2009	Lluviosa	BS3	7	10	SJ	13	1.78	94	0.769	1.8
2009	Lluviosa	BS3	8	10	SJ	11	3.53	150	0.778	0.8
2009	Lluviosa	BS3	9	10	SJ	15	3.03	175	0.815	1.6
2009	Lluviosa	BS3	10	10	SJ	10	2.82	137	0.803	0.8
2009	Lluviosa	BS3	11	10	SJ	17	3.14	174	0.781	1.4
2009	Lluviosa	BS3	12	10	SJ	18	2.77	70	0.821	0.6
2009	Lluviosa	BS3	13	10	SJ	11	1.67	154	0.797	2.3
2009	Lluviosa	BS3	14	10	SJ	14	2.59	186	0.802	1.3
2009	Lluviosa	BS3	15	10	SJ	13	3.65	134	0.775	2
2009	Lluviosa	BS3	16	10	SJ	10	2.18	146	0.805	1.3
2009	Lluviosa	BS3	17	10	SJ	19	2.05	112	0.83	1.1
2009	Lluviosa	BS3	18	10	SJ	10	1.84	170	0.8	1.9
2009	Lluviosa	BS3	19	10	SJ	19	1.97	141	0.761	1.6
2009	Lluviosa	BS3	20	10	SJ	16	2.79	177	0.806	1.8
2009	Lluviosa	BS3	21	10	SJ	14	2.55	139	0.812	1.6
2009	Lluviosa	BS3	22	10	SJ	12	2.71	157	0.786	0.4
2009	Lluviosa	BS3	23	10	SJ	10	2.64	156	0.824	1.4
2009	Lluviosa	BS3	24	10	SJ	15	2.67	173	0.778	0.8
2009	Lluviosa	BS3	25	10	SJ	12	3.44	145	0.796	1.9
2009	Lluviosa	BS3	26	10	SJ	14	2.33	129	0.764	2
2009	Lluviosa	BS3	27	10	SJ	14	3.03	99	0.797	1.9
2009	Lluviosa	BS3	28	10	SJ	16	3.14	148	0.822	1.8
2009	Lluviosa	BS3	29	10	SJ	18	3.33	94	0.778	1.5
2009	Lluviosa	BS3	30	10	SJ	13	3.37	152	0.792	1.7
2009	Seca	BS3	1	10	VB	10	2.88	129	0.78	0.6
2009	Seca	BS3	2	10	VB	7	2.05	126	0.805	0.8
2009	Seca	BS3	3	10	VB	5	2.26	148	0.797	0.8
2009	Seca	BS3	4	10	VB	7	2.62	153	0.784	0.3
2009	Seca	BS3	5	10	VB	7	3.05	154	0.808	2.2
2009	Seca	BS3	6	10	VB	9	2.68	154	0.798	2.3
2009	Seca	BS3	7	10	VB	7	2.55	145	0.778	0.8
2009	Seca	BS3	8	10	VB	8	1.61	175	0.775	1.6
2009	Seca	BS3	9	10	VB	7	2.11	154	0.788	1.5
2009	Seca	BS3	10	10	VB	7	2.02	117	0.823	2.4
2009	Seca	BS3	11	10	VB	10	2.6	140	0.789	1.5
2009	Seca	BS3	12	10	VB	10	1.02	164	0.826	1.2
2009	Seca	BS3	13	10	VB	9	1.88	180	0.801	1.5
2009	Seca	BS3	14	10	VB	8	1.87	176	0.779	1.4
2009	Seca	BS3	15	10	VB	7	2.4	204	0.809	1.9
2009	Seca	BS3	16	10	VB	7	2.65	124	0.8	1.6
2009	Seca	BS3	17	10	VB	8	3.08	109	0.827	1.2
2009	Seca	BS3	18	10	VB	8	1.64	126	0.812	1.9
2009	Seca	BS3	19	10	VB	6	2.41	146	0.797	2.3
2009	Seca	BS3	20	10	VB	7	2.59	162	0.798	1.8
2009	Seca	BS3	21	10	VB	5	2.37	146	0.805	2.3
2009	Seca	BS3	22	10	VB	6	1.66	128	0.814	1
2009	Seca	BS3	23	10	VB	5	2.09	118	0.831	1.8
2009	Seca	BS3	24	10	VB	7	1.72	162	0.75	1.1
2009	Seca	BS3	25	10	VB	5	1.07	132	0.788	0.5
2009	Seca	BS3	26	10	VB	6	2.54	130	0.791	1
2009	Seca	BS3	27	10	VB	6	1.83	144	0.815	1.4
2009	Seca	BS3	28	10	VB	10	2.12	152	0.79	1.1
2009	Seca	BS3	29	10	VB	6	2.72	153	0.806	1.9
2009	Seca	BS3	30	10	VB	9	2.25	196	0.802	1.7
2009	Lluviosa	BS3	1	10	VB	10	2.15	119	0.794	1.7
2009	Lluviosa	BS3	2	10	VB	8	2.15	202	0.788	1
2009	Lluviosa	BS3	3	10	VB	5	2.88	149	0.766	2.1
2009	Lluviosa	BS3	4	10	VB	5	3.49	172	0.804	1.2
2009	Lluviosa	BS3	5	10	VB	10	2.87	139	0.813	1.4
2009	Lluviosa	BS3	6	10	VB	7	3.31	178	0.796	1.7
2009	Lluviosa	BS3	7	10	VB	7	2.65	181	0.75	1.4
2009	Lluviosa	BS3	8	10	VB	6	2.97	125	0.791	2
2009	Lluviosa	BS3	9	10	VB	8	2.5	148	0.764	1.7
2009	Lluviosa	BS3	10	10	VB	5	2.34	165	0.798	0.3
2009	Lluviosa	BS3	11	10	VB	9	3.23	135	0.812	1.2
2009	Lluviosa	BS3	12	10	VB	9	1.97	138	0.85	1.2
2009	Lluviosa	BS3	13	10	VB	6	3.19	171	0.785	1.7
2009	Lluviosa	BS3	14	10	VB	7	3.37	160	0.774	1.2
2009	Lluviosa	BS3	15	10	VB	7	2.87	111	0.789	2.3
2009	Lluviosa	BS3	16	10	VB	5	2.94	152	0.789	1
2009	Lluviosa	BS3	17	10	VB	10	2.8	174	0.758	1
2009	Lluviosa	BS3	18	10	VB	5	2.91	156	0.787	0.4
2009	Lluviosa	BS3	19	10	VB	10	2.55	154	0.819	1.4
2009	Lluviosa	BS3	20	10	VB	8	3.22	140	0.795	1.2
2009	Lluviosa	BS3	21	10	VB	7	2.16	130	0.773	0.8
2009	Lluviosa	BS3	22	10	VB	6	2.38	127	0.81	0.9
2009	Lluviosa	BS3	23	10	VB	5	3.52	151	0.816	1.7
2009	Lluviosa	BS3	24	10	VB	8	2.65	145	0.798	2.7
2009	Lluviosa	BS3	25	10	VB	6	2.27	113	0.799	1.9
2009	Lluviosa	BS3	26	10	VB	7	3.39	120	0.807	1.3
2009	Lluviosa	BS3	27	10	VB	7	2.8	113	0.847	1.7
2009	Lluviosa	BS3	28	10	VB	8	3.65	73	0.798	1.1
2009	Lluviosa	BS3	29	10	VB	9	2.01	140	0.788	0.7
2009	Lluviosa	BS3	30	10	VB	7	2.08	150	0.828	1.7
2009	Seca	BS3	1	10	MD	5	2.59	109	0.788	0.6
2009	Seca	BS3	2	10	MD	4	2.01	177	0.793	1.6
2009	Seca	BS3	3	10	MD	3	2.59	144	0.807	2.2
2009	Seca	BS3	4	10	MD	3	2.21	155	0.794	1.2
2009	Seca	BS3	5	10	MD	4	2.39	151	0.819	0.9
2009	Seca	BS3	6	10	MD	5	1.73	152	0.793	1.8
2009	Seca	BS3	7	10	MD	3	2.17	170	0.845	1.4
2009	Seca	BS3	8	10	MD	4	2.69	152	0.825	1.6
2009	Seca	BS3	9	10	MD	3	2.81	172	0.802	1.3
2009	Seca	BS3	10	10	MD	3	3.21	116	0.786	1.5
2009	Seca	BS3	11	10	MD	5	1.95	88	0.817	1.3
2009	Seca	BS3	12	10	MD	5	2.28	174	0.818	2
2009	Seca	BS3	13	10	MD	5	1.95	127	0.789	2.2
2009	Seca	BS3	14	10	MD	4	3.04	133	0.778	1.8
2009	Seca	BS3	15	10	MD	3	2.39	116	0.819	2
2009	Seca	BS3	16	10	MD	3	3.08	133	0.812	1.3
2009	Seca	BS3	17	10	MD	4	2.3	140	0.807	2
2009	Seca	BS3	18	10	MD	4	2.79	85	0.776	1.1
2009	Seca	BS3	19	10	MD	3	2.79	102	0.788	1.2
2009	Seca	BS3	20	10	MD	3	2.52	132	0.828	1.9
2009	Seca	BS3	21	10	MD	3	2.33	153	0.795	1.4
2009	Seca	BS3	22	10	MD	3	1.56	131	0.798	2
2009	Seca	BS3	23	10	MD	3	1.95	139	0.785	2.4
2009	Seca	BS3	24	10	MD	3	2.77	190	0.82	0.8
2009	Seca	BS3	25	10	MD	3	1.92	82	0.801	1.8
2009	Seca	BS3	26	10	MD	3	1.51	191	0.785	1.7
2009	Seca	BS3	27	10	MD	3	2.52	164	0.787	2.2
2009	Seca	BS3	28	10	MD	5	1.47	158	0.78	1.9
2009	Seca	BS3	29	10	MD	3	2.01	169	0.829	1.9
2009	Seca	BS3	30	10	MD	5	2.06	164	0.855	1.6
2009	Lluviosa	BS3	1	10	MD	5	1.76	110	0.801	1.1
2009	Lluviosa	BS3	2	10	MD	4	2.54	164	0.799	2.3
2009	Lluviosa	BS3	3	10	MD	3	2.68	178	0.813	0.8
2009	Lluviosa	BS3	4	10	MD	3	1.95	178	0.772	1.3
2009	Lluviosa	BS3	5	10	MD	5	2.12	163	0.793	1.2
2009	Lluviosa	BS3	6	10	MD	3	2.92	138	0.807	1.7
2009	Lluviosa	BS3	7	10	MD	3	3.31	142	0.808	1
2009	Lluviosa	BS3	8	10	MD	3	2.69	115	0.793	1.7
2009	Lluviosa	BS3	9	10	MD	4	2.4	97	0.806	1
2009	Lluviosa	BS3	10	10	MD	3	3.63	160	0.801	1.9
2009	Lluviosa	BS3	11	10	MD	4	2.79	124	0.808	1.9
2009	Lluviosa	BS3	12	10	MD	5	3.06	135	0.781	1.1
2009	Lluviosa	BS3	13	10	MD	3	3.94	102	0.771	2.2
2009	Lluviosa	BS3	14	10	MD	4	2.24	98	0.794	1.3
2009	Lluviosa	BS3	15	10	MD	3	2.6	121	0.822	1.3
2009	Lluviosa	BS3	16	10	MD	3	2.5	119	0.821	1.9
2009	Lluviosa	BS3	17	10	MD	5	1.84	85	0.781	1.8
2009	Lluviosa	BS3	18	10	MD	3	3	142	0.795	1.1
2009	Lluviosa	BS3	19	10	MD	5	2.76	174	0.759	1.6
2009	Lluviosa	BS3	20	10	MD	4	2.88	121	0.774	0.4
2009	Lluviosa	BS3	21	10	MD	4	2.02	193	0.806	1.4
2009	Lluviosa	BS3	22	10	MD	3	2.59	167	0.753	0.9
2009	Lluviosa	BS3	23	10	MD	3	2.2	135	0.792	1.4
2009	Lluviosa	BS3	24	10	MD	4	3.3	140	0.798	1.5
2009	Lluviosa	BS3	25	10	MD	3	2.5	174	0.85	1.8
2009	Lluviosa	BS3	26	10	MD	4	2.47	132	0.795	0.9
2009	Lluviosa	BS3	27	10	MD	4	2.61	186	0.774	2.4
2009	Lluviosa	BS3	28	10	MD	4	2.43	129	0.771	1
2009	Lluviosa	BS3	29	10	MD	5	3.09	145	0.804	0.3
2009	Lluviosa	BS3	30	10	MD	3	3.83	90	0.798	2.1
2009	Seca	BS3	1	10	MC	2	1.73	106	0.784	2.1
2009	Seca	BS3	2	10	MC	2	2.53	144	0.799	1.5
2009	Seca	BS3	3	10	MC	1	2.15	96	0.812	1.7
2009	Seca	BS3	4	10	MC	2	1.86	114	0.804	1.2
2009	Seca	BS3	5	10	MC	2	2.06	150	0.828	1
2009	Seca	BS3	6	10	MC	2	2.17	132	0.811	1.6
2009	Seca	BS3	7	10	MC	2	1.89	130	0.801	1.6
2009	Seca	BS3	8	10	MC	2	2.66	124	0.771	0.7
2009	Seca	BS3	9	10	MC	2	2.53	135	0.803	1.4
2009	Seca	BS3	10	10	MC	2	1.87	113	0.82	1.4
2009	Seca	BS3	11	10	MC	2	1.83	134	0.821	1.6
2009	Seca	BS3	12	10	MC	3	2.93	181	0.82	1.4
2009	Seca	BS3	13	10	MC	2	2.51	177	0.802	1.1
2009	Seca	BS3	14	10	MC	2	2.48	146	0.822	1.6
2009	Seca	BS3	15	10	MC	2	1.74	123	0.778	1.2
2009	Seca	BS3	16	10	MC	2	2.44	180	0.824	1.4
2009	Seca	BS3	17	10	MC	2	2.42	170	0.813	2
2009	Seca	BS3	18	10	MC	2	1.49	128	0.768	1.7
2009	Seca	BS3	19	10	MC	1	1.88	134	0.796	0.8
2009	Seca	BS3	20	10	MC	2	1.14	149	0.82	2
2009	Seca	BS3	21	10	MC	1	2.23	120	0.822	1.5
2009	Seca	BS3	22	10	MC	1	0.8	162	0.8	1.5
2009	Seca	BS3	23	10	MC	1	2.59	123	0.799	1.8
2009	Seca	BS3	24	10	MC	2	2.54	151	0.756	1.9
2009	Seca	BS3	25	10	MC	1	2.79	127	0.787	1.5
2009	Seca	BS3	26	10	MC	2	2.77	147	0.805	1.5
2009	Seca	BS3	27	10	MC	2	2.3	154	0.814	1.5
2009	Seca	BS3	28	10	MC	3	1.6	146	0.804	1.2
2009	Seca	BS3	29	10	MC	1	1.83	186	0.819	1.9
2009	Seca	BS3	30	10	MC	2	2.49	159	0.796	1.9
2009	Lluviosa	BS3	1	10	MC	2	2.47	158	0.769	1.9
2009	Lluviosa	BS3	2	10	MC	2	2.64	142	0.824	1.2
2009	Lluviosa	BS3	3	10	MC	1	3.24	155	0.785	1
2009	Lluviosa	BS3	4	10	MC	1	2.55	131	0.773	0.4
2009	Lluviosa	BS3	5	10	MC	2	1.87	95	0.797	1
2009	Lluviosa	BS3	6	10	MC	2	1.99	165	0.782	2.3
2009	Lluviosa	BS3	7	10	MC	2	2.4	127	0.801	2.3
2009	Lluviosa	BS3	8	10	MC	1	1.92	144	0.818	2.7
2009	Lluviosa	BS3	9	10	MC	2	2.67	130	0.817	0.7
2009	Lluviosa	BS3	10	10	MC	1	3.63	153	0.787	1.1
2009	Lluviosa	BS3	11	10	MC	2	2.43	194	0.792	1.7
2009	Lluviosa	BS3	12	10	MC	2	2.77	123	0.823	2.1
2009	Lluviosa	BS3	13	10	MC	1	2.64	146	0.775	2.3
2009	Lluviosa	BS3	14	10	MC	2	2.84	111	0.785	1.8
2009	Lluviosa	BS3	15	10	MC	2	3.34	128	0.798	1.7
2009	Lluviosa	BS3	16	10	MC	1	2.81	169	0.815	2.3
2009	Lluviosa	BS3	17	10	MC	2	2.83	138	0.815	2
2009	Lluviosa	BS3	18	10	MC	1	2.12	151	0.829	0.9
2009	Lluviosa	BS3	19	10	MC	2	2.07	132	0.798	1
2009	Lluviosa	BS3	20	10	MC	2	2.08	178	0.834	1.4
2009	Lluviosa	BS3	21	10	MC	2	1.99	115	0.852	1.2
2009	Lluviosa	BS3	22	10	MC	2	3.01	96	0.784	1.2
2009	Lluviosa	BS3	23	10	MC	1	2.86	170	0.802	2
2009	Lluviosa	BS3	24	10	MC	2	3.16	149	0.78	1.3
2009	Lluviosa	BS3	25	10	MC	2	3.14	136	0.767	1.8
2009	Lluviosa	BS3	26	10	MC	2	2.69	102	0.781	2.1
2009	Lluviosa	BS3	27	10	MC	2	3.25	96	0.782	1.7
2009	Lluviosa	BS3	28	10	MC	2	2.72	104	0.81	1.4
2009	Lluviosa	BS3	29	10	MC	2	2.87	113	0.793	1.1
2009	Lluviosa	BS3	30	10	MC	2	2.82	75	0.793	1.9
2009	Seca	BS4	1	10	SJ	15	1.22	170	0.819	1.3
2009	Seca	BS4	2	10	SJ	14	0.39	128	0.823	1.6
2009	Seca	BS4	3	10	SJ	20	1.43	203	0.821	2.4
2009	Seca	BS4	4	10	SJ	20	1.01	150	0.806	1.3
2009	Seca	BS4	5	10	SJ	12	1.25	150	0.788	2
2009	Seca	BS4	6	10	SJ	10	1.75	172	0.812	1.2
2009	Seca	BS4	7	10	SJ	10	0.37	122	0.852	2.2
2009	Seca	BS4	8	10	SJ	18	1.17	144	0.81	1
2009	Seca	BS4	9	10	SJ	11	2.09	136	0.791	0.9
2009	Seca	BS4	10	10	SJ	11	0.97	126	0.784	1.1
2009	Seca	BS4	11	10	SJ	20	0.94	155	0.824	1.7
2009	Seca	BS4	12	10	SJ	10	0.86	128	0.771	1.7
2009	Seca	BS4	13	10	SJ	13	0.99	132	0.827	1.5
2009	Seca	BS4	14	10	SJ	10	0.78	154	0.788	1.5
2009	Seca	BS4	15	10	SJ	18	1.27	152	0.8	2.1
2009	Seca	BS4	16	10	SJ	14	0.66	172	0.809	1.6
2009	Seca	BS4	17	10	SJ	12	1.5	170	0.77	2.6
2009	Seca	BS4	18	10	SJ	14	1.69	118	0.792	1.6
2009	Seca	BS4	19	10	SJ	14	0.87	170	0.774	0.9
2009	Seca	BS4	20	10	SJ	12	2.46	137	0.789	1.8
2009	Seca	BS4	21	10	SJ	13	0.88	165	0.823	2.2
2009	Seca	BS4	22	10	SJ	17	0.57	123	0.789	1.4
2009	Seca	BS4	23	10	SJ	19	1.68	111	0.794	1.2
2009	Seca	BS4	24	10	SJ	16	1.29	165	0.811	1.5
2009	Seca	BS4	25	10	SJ	14	1.92	136	0.791	0.6
2009	Seca	BS4	26	10	SJ	13	1.6	140	0.772	1.2
2009	Seca	BS4	27	10	SJ	16	1.69	154	0.81	1.7
2009	Seca	BS4	28	10	SJ	17	1.23	184	0.787	1.3
2009	Seca	BS4	29	10	SJ	11	1.31	148	0.809	1.9
2009	Seca	BS4	30	10	SJ	20	1.05	154	0.808	1.7
2009	Lluviosa	BS4	1	10	SJ	17	2.06	136	0.806	1.6
2009	Lluviosa	BS4	2	10	SJ	17	2.87	126	0.801	0.8
2009	Lluviosa	BS4	3	10	SJ	14	2.61	173	0.793	1
2009	Lluviosa	BS4	4	10	SJ	16	0.97	148	0.819	1.3
2009	Lluviosa	BS4	5	10	SJ	20	1.37	134	0.803	1.9
2009	Lluviosa	BS4	6	10	SJ	16	1.94	136	0.799	1.6
2009	Lluviosa	BS4	7	10	SJ	18	0.78	146	0.83	2.7
2009	Lluviosa	BS4	8	10	SJ	19	2.53	110	0.799	2
2009	Lluviosa	BS4	9	10	SJ	17	2.03	158	0.801	1.5
2009	Lluviosa	BS4	10	10	SJ	20	1.82	178	0.808	1.5
2009	Lluviosa	BS4	11	10	SJ	15	2.14	176	0.788	1.6
2009	Lluviosa	BS4	12	10	SJ	11	1.77	144	0.771	0.3
2009	Lluviosa	BS4	13	10	SJ	19	0.67	96	0.801	1.9
2009	Lluviosa	BS4	14	10	SJ	19	1.59	119	0.763	2.6
2009	Lluviosa	BS4	15	10	SJ	15	2.65	121	0.832	1.5
2009	Lluviosa	BS4	16	10	SJ	12	1.18	149	0.826	2.2
2009	Lluviosa	BS4	17	10	SJ	12	1.05	180	0.795	0.5
2009	Lluviosa	BS4	18	10	SJ	17	0.84	158	0.817	1.7
2009	Lluviosa	BS4	19	10	SJ	19	0.97	126	0.811	1.2
2009	Lluviosa	BS4	20	10	SJ	15	1.79	152	0.788	1.5
2009	Lluviosa	BS4	21	10	SJ	15	1.55	158	0.816	2.6
2009	Lluviosa	BS4	22	10	SJ	11	1.71	136	0.811	1.3
2009	Lluviosa	BS4	23	10	SJ	13	1.64	172	0.826	1.2
2009	Lluviosa	BS4	24	10	SJ	11	1.67	166	0.85	1.2
2009	Lluviosa	BS4	25	10	SJ	10	2.44	138	0.751	1.1
2009	Lluviosa	BS4	26	10	SJ	16	1.33	176	0.795	1.3
2009	Lluviosa	BS4	27	10	SJ	18	2.03	140	0.868	1.5
2009	Lluviosa	BS4	28	10	SJ	10	2.14	155	0.807	1.4
2009	Lluviosa	BS4	29	10	SJ	15	2.33	154	0.781	2.3
2009	Lluviosa	BS4	30	10	SJ	15	2.37	132	0.819	2.1
2009	Seca	BS4	1	10	VB	8	1.88	170	0.813	1.2
2009	Seca	BS4	2	10	VB	7	1.05	132	0.8	1.6
2009	Seca	BS4	3	10	VB	10	1.26	119	0.801	1.6
2009	Seca	BS4	4	10	VB	10	1.62	141	0.818	0.5
2009	Seca	BS4	5	10	VB	6	2.05	154	0.775	1.5
2009	Seca	BS4	6	10	VB	5	1.68	169	0.794	1.7
2009	Seca	BS4	7	10	VB	5	1.55	136	0.801	1
2009	Seca	BS4	8	10	VB	9	0.61	170	0.798	0.7
2009	Seca	BS4	9	10	VB	6	1.11	87	0.808	1.5
2009	Seca	BS4	10	10	VB	6	1.02	132	0.8	2
2009	Seca	BS4	11	10	VB	10	1.6	159	0.778	1.2
2009	Seca	BS4	12	10	VB	5	0.02	118	0.804	1.6
2009	Seca	BS4	13	10	VB	7	0.88	162	0.804	2.1
2009	Seca	BS4	14	10	VB	5	0.87	138	0.785	0.9
2009	Seca	BS4	15	10	VB	9	1.4	156	0.815	1.9
2009	Seca	BS4	16	10	VB	7	1.65	115	0.822	2
2009	Seca	BS4	17	10	VB	6	2.08	151	0.784	1.7
2009	Seca	BS4	18	10	VB	7	0.64	143	0.811	1.5
2009	Seca	BS4	19	10	VB	7	1.41	173	0.81	1.8
2009	Seca	BS4	20	10	VB	6	1.59	169	0.807	1.4
2009	Seca	BS4	21	10	VB	7	1.37	136	0.8	1.2
2009	Seca	BS4	22	10	VB	9	0.66	140	0.793	1.9
2009	Seca	BS4	23	10	VB	10	1.09	123	0.805	1.3
2009	Seca	BS4	24	10	VB	8	0.72	208	0.809	1.4
2009	Seca	BS4	25	10	VB	7	0.07	186	0.798	1.7
2009	Seca	BS4	26	10	VB	7	1.54	143	0.832	1
2009	Seca	BS4	27	10	VB	8	0.83	157	0.78	0.7
2009	Seca	BS4	28	10	VB	9	1.12	115	0.82	2.5
2009	Seca	BS4	29	10	VB	6	1.72	91	0.829	1.5
2009	Seca	BS4	30	10	VB	10	1.25	112	0.818	1.8
2009	Lluviosa	BS4	1	10	VB	9	1.15	140	0.845	1.9
2009	Lluviosa	BS4	2	10	VB	9	1.15	140	0.813	1.1
2009	Lluviosa	BS4	3	10	VB	7	1.88	141	0.782	1
2009	Lluviosa	BS4	4	10	VB	8	2.49	207	0.797	1.3
2009	Lluviosa	BS4	5	10	VB	10	1.87	130	0.785	1.9
2009	Lluviosa	BS4	6	10	VB	8	2.31	140	0.843	0.4
2009	Lluviosa	BS4	7	10	VB	9	1.65	129	0.774	1.9
2009	Lluviosa	BS4	8	10	VB	10	1.97	141	0.79	1.6
2009	Lluviosa	BS4	9	10	VB	9	1.5	160	0.757	1.8
2009	Lluviosa	BS4	10	10	VB	10	1.34	116	0.789	2
2009	Lluviosa	BS4	11	10	VB	8	2.23	157	0.817	2
2009	Lluviosa	BS4	12	10	VB	6	0.97	127	0.784	0.7
2009	Lluviosa	BS4	13	10	VB	10	2.19	211	0.764	1
2009	Lluviosa	BS4	14	10	VB	10	2.37	97	0.816	2
2009	Lluviosa	BS4	15	10	VB	8	1.87	144	0.763	1.6
2009	Lluviosa	BS4	16	10	VB	6	1.94	114	0.81	1.9
2009	Lluviosa	BS4	17	10	VB	6	1.8	152	0.801	1.6
2009	Lluviosa	BS4	18	10	VB	9	1.91	132	0.803	1.9
2009	Lluviosa	BS4	19	10	VB	10	1.55	154	0.778	2.6
2009	Lluviosa	BS4	20	10	VB	8	2.22	140	0.795	2.3
2009	Lluviosa	BS4	21	10	VB	8	1.16	150	0.839	1.7
2009	Lluviosa	BS4	22	10	VB	6	1.38	155	0.799	1
2009	Lluviosa	BS4	23	10	VB	7	2.52	153	0.813	1.7
2009	Lluviosa	BS4	24	10	VB	6	1.65	136	0.801	1
2009	Lluviosa	BS4	25	10	VB	5	1.27	163	0.814	2.5
2009	Lluviosa	BS4	26	10	VB	8	2.39	188	0.803	2.4
2009	Lluviosa	BS4	27	10	VB	9	1.8	137	0.794	1.2
2009	Lluviosa	BS4	28	10	VB	5	2.65	116	0.802	2
2009	Lluviosa	BS4	29	10	VB	8	1.01	148	0.83	1.4
2009	Lluviosa	BS4	30	10	VB	8	1.08	137	0.798	0.9
2009	Seca	BS4	1	10	MD	4	1.59	170	0.807	0.3
2009	Seca	BS4	2	10	MD	4	1.01	157	0.796	2.3
2009	Seca	BS4	3	10	MD	5	1.59	174	0.789	1.4
2009	Seca	BS4	4	10	MD	5	1.21	193	0.808	1.2
2009	Seca	BS4	5	10	MD	3	1.39	184	0.82	1.6
2009	Seca	BS4	6	10	MD	3	0.73	102	0.82	1.9
2009	Seca	BS4	7	10	MD	3	1.17	104	0.812	1.3
2009	Seca	BS4	8	10	MD	5	1.69	156	0.814	1.8
2009	Seca	BS4	9	10	MD	3	1.81	135	0.75	0.8
2009	Seca	BS4	10	10	MD	3	2.21	138	0.818	1.2
2009	Seca	BS4	11	10	MD	5	0.95	139	0.79	2
2009	Seca	BS4	12	10	MD	3	1.28	110	0.8	1.7
2009	Seca	BS4	13	10	MD	3	0.95	126	0.794	1.7
2009	Seca	BS4	14	10	MD	3	2.04	146	0.805	1.9
2009	Seca	BS4	15	10	MD	5	1.39	126	0.793	1.1
2009	Seca	BS4	16	10	MD	4	2.08	150	0.79	1.1
2009	Seca	BS4	17	10	MD	3	1.3	161	0.802	1.7
2009	Seca	BS4	18	10	MD	4	1.79	104	0.85	1.3
2009	Seca	BS4	19	10	MD	4	1.79	177	0.807	1.5
2009	Seca	BS4	20	10	MD	3	1.52	129	0.809	1
2009	Seca	BS4	21	10	MD	3	1.33	156	0.816	1.4
2009	Seca	BS4	22	10	MD	4	0.56	140	0.807	1.9
2009	Seca	BS4	23	10	MD	5	0.95	148	0.824	1.8
2009	Seca	BS4	24	10	MD	4	1.77	75	0.783	2
2009	Seca	BS4	25	10	MD	4	0.92	87	0.78	1
2009	Seca	BS4	26	10	MD	3	0.51	117	0.781	1.3
2009	Seca	BS4	27	10	MD	4	1.52	232	0.795	1.4
2009	Seca	BS4	28	10	MD	4	0.47	154	0.821	1.3
2009	Seca	BS4	29	10	MD	3	1.01	87	0.758	1.6
2009	Seca	BS4	30	10	MD	5	1.06	150	0.814	0.6
2009	Lluviosa	BS4	1	10	MD	4	0.76	199	0.827	1.8
2009	Lluviosa	BS4	2	10	MD	4	1.54	145	0.801	2.2
2009	Lluviosa	BS4	3	10	MD	4	1.68	147	0.848	2
2009	Lluviosa	BS4	4	10	MD	4	0.95	125	0.81	2.5
2009	Lluviosa	BS4	5	10	MD	5	1.12	173	0.811	1.7
2009	Lluviosa	BS4	6	10	MD	4	1.92	113	0.77	1.6
2009	Lluviosa	BS4	7	10	MD	5	2.31	146	0.808	2.1
2009	Lluviosa	BS4	8	10	MD	5	1.69	144	0.83	1.5
2009	Lluviosa	BS4	9	10	MD	4	1.4	171	0.767	1.1
2009	Lluviosa	BS4	10	10	MD	5	2.63	151	0.792	1.4
2009	Lluviosa	BS4	11	10	MD	4	1.79	80	0.812	1.5
2009	Lluviosa	BS4	12	10	MD	3	2.06	131	0.823	2.3
2009	Lluviosa	BS4	13	10	MD	5	2.94	146	0.821	1.5
2009	Lluviosa	BS4	14	10	MD	5	1.24	150	0.798	1.4
2009	Lluviosa	BS4	15	10	MD	4	1.6	131	0.79	1.6
2009	Lluviosa	BS4	16	10	MD	3	1.5	152	0.821	1.3
2009	Lluviosa	BS4	17	10	MD	3	0.84	132	0.777	1.5
2009	Lluviosa	BS4	18	10	MD	4	2	120	0.838	1.9
2009	Lluviosa	BS4	19	10	MD	5	1.76	179	0.815	1.5
2009	Lluviosa	BS4	20	10	MD	4	1.88	140	0.787	0.7
2009	Lluviosa	BS4	21	10	MD	4	1.02	140	0.767	2.1
2009	Lluviosa	BS4	22	10	MD	3	1.59	142	0.808	1.7
2009	Lluviosa	BS4	23	10	MD	3	1.2	84	0.794	1.6
2009	Lluviosa	BS4	24	10	MD	3	2.3	177	0.807	0.5
2009	Lluviosa	BS4	25	10	MD	3	1.5	133	0.816	1.8
2009	Lluviosa	BS4	26	10	MD	4	1.47	137	0.807	2.2
2009	Lluviosa	BS4	27	10	MD	5	1.61	161	0.798	1.4
2009	Lluviosa	BS4	28	10	MD	3	1.43	127	0.812	2.3
2009	Lluviosa	BS4	29	10	MD	4	2.09	103	0.809	1.3
2009	Lluviosa	BS4	30	10	MD	4	2.83	129	0.799	1.2
2009	Seca	BS4	1	10	MC	2	0.73	42	0.813	1.9
2009	Seca	BS4	2	10	MC	2	1.53	145	0.799	1.4
2009	Seca	BS4	3	10	MC	3	1.15	156	0.807	2.1
2009	Seca	BS4	4	10	MC	3	0.86	138	0.821	1.7
2009	Seca	BS4	5	10	MC	2	1.06	192	0.823	1.3
2009	Seca	BS4	6	10	MC	1	1.17	149	0.826	0.7
2009	Seca	BS4	7	10	MC	1	0.89	152	0.848	1.6
2009	Seca	BS4	8	10	MC	2	1.66	114	0.776	1.3
2009	Seca	BS4	9	10	MC	1	1.53	162	0.835	2
2009	Seca	BS4	10	10	MC	1	0.87	161	0.797	1.3
2009	Seca	BS4	11	10	MC	3	0.83	163	0.803	1.8
2009	Seca	BS4	12	10	MC	1	1.93	127	0.791	2.3
2009	Seca	BS4	13	10	MC	2	1.51	148	0.804	0.6
2009	Seca	BS4	14	10	MC	1	1.48	108	0.83	2.4
2009	Seca	BS4	15	10	MC	2	0.74	151	0.783	2.3
2009	Seca	BS4	16	10	MC	2	1.44	98	0.814	1.7
2009	Seca	BS4	17	10	MC	2	1.42	90	0.816	2.5
2009	Seca	BS4	18	10	MC	2	0.49	155	0.815	1.9
2009	Seca	BS4	19	10	MC	2	0.88	163	0.795	1.1
2009	Seca	BS4	20	10	MC	2	0.14	164	0.801	1.5
2009	Seca	BS4	21	10	MC	2	1.23	162	0.768	2.9
2009	Seca	BS4	22	10	MC	2	-0.2	92	0.812	1.3
2009	Seca	BS4	23	10	MC	2	1.59	174	0.782	2
2009	Seca	BS4	24	10	MC	2	1.54	132	0.801	1.8
2009	Seca	BS4	25	10	MC	2	1.79	105	0.796	1.7
2009	Seca	BS4	26	10	MC	2	1.77	88	0.762	2.1
2009	Seca	BS4	27	10	MC	2	1.3	82	0.793	0.7
2009	Seca	BS4	28	10	MC	2	0.6	118	0.813	1.1
2009	Seca	BS4	29	10	MC	1	0.83	140	0.818	1.3
2009	Seca	BS4	30	10	MC	3	1.49	175	0.81	1.1
2009	Lluviosa	BS4	1	10	MC	2	1.47	113	0.797	2
2009	Lluviosa	BS4	2	10	MC	2	1.64	126	0.822	1.3
2009	Lluviosa	BS4	3	10	MC	2	2.24	157	0.763	1.2
2009	Lluviosa	BS4	4	10	MC	2	1.55	128	0.803	0.9
2009	Lluviosa	BS4	5	10	MC	3	0.87	168	0.8	1.7
2009	Lluviosa	BS4	6	10	MC	2	0.99	157	0.786	1.3
2009	Lluviosa	BS4	7	10	MC	2	1.4	199	0.781	1.2
2009	Lluviosa	BS4	8	10	MC	2	0.92	169	0.816	1.3
2009	Lluviosa	BS4	9	10	MC	2	1.67	167	0.802	1.3
2009	Lluviosa	BS4	10	10	MC	3	2.63	152	0.826	2.3
2009	Lluviosa	BS4	11	10	MC	2	1.43	185	0.821	1.2
2009	Lluviosa	BS4	12	10	MC	1	1.77	152	0.782	1.2
2009	Lluviosa	BS4	13	10	MC	2	1.64	139	0.845	0.3
2009	Lluviosa	BS4	14	10	MC	2	1.84	155	0.786	1
2009	Lluviosa	BS4	15	10	MC	2	2.34	138	0.806	0.8
2009	Lluviosa	BS4	16	10	MC	2	1.81	89	0.812	1.5
2009	Lluviosa	BS4	17	10	MC	2	1.83	137	0.793	1.9
2009	Lluviosa	BS4	18	10	MC	2	1.12	176	0.797	1.7
2009	Lluviosa	BS4	19	10	MC	2	1.07	125	0.787	1.7
2009	Lluviosa	BS4	20	10	MC	2	1.08	186	0.801	1.6
2009	Lluviosa	BS4	21	10	MC	2	0.99	149	0.803	1.9
2009	Lluviosa	BS4	22	10	MC	1	2.01	89	0.774	1.8
2009	Lluviosa	BS4	23	10	MC	2	1.86	74	0.78	2.3
2009	Lluviosa	BS4	24	10	MC	1	2.16	126	0.84	1.7
2009	Lluviosa	BS4	25	10	MC	1	2.14	113	0.767	2.2
2009	Lluviosa	BS4	26	10	MC	2	1.69	118	0.785	1.5
2009	Lluviosa	BS4	27	10	MC	2	2.25	171	0.791	1.4
2009	Lluviosa	BS4	28	10	MC	1	1.72	161	0.784	2.3
2009	Lluviosa	BS4	29	10	MC	2	1.87	132	0.811	1.2
2009	Lluviosa	BS4	30	10	MC	2	1.82	163	0.818	1.6
2019	Seca	BS1	1	10	SJ	13	3.45	228	0.781	4.62
2019	Seca	BS1	2	10	SJ	15	2.74	159	0.816	3.96
2019	Seca	BS1	3	10	SJ	15	3.91	182	0.8	4.31
2019	Seca	BS1	4	10	SJ	19	4.3	175	0.786	3.19
2019	Seca	BS1	5	10	SJ	15	3.08	201	0.772	3.73
2019	Seca	BS1	6	10	SJ	20	2.78	139	0.788	4.71
2019	Seca	BS1	7	10	SJ	25	3.92	219	0.79	4.17
2019	Seca	BS1	8	10	SJ	20	3.54	191	0.789	3.61
2019	Seca	BS1	9	10	SJ	18	3.37	250	0.807	4.46
2019	Seca	BS1	10	10	SJ	14	3.59	166	0.811	3.77
2019	Seca	BS1	11	10	SJ	16	2.82	243	0.797	3.52
2019	Seca	BS1	12	10	SJ	18	3.58	148	0.817	4.83
2019	Seca	BS1	13	10	SJ	25	2.89	205	0.811	4.52
2019	Seca	BS1	14	10	SJ	24	3.61	220	0.784	4.17
2019	Seca	BS1	15	10	SJ	25	3.97	193	0.845	3.61
2019	Seca	BS1	16	10	SJ	19	3.67	228	0.795	4.41
2019	Seca	BS1	17	10	SJ	20	2.97	184	0.801	2.87
2019	Seca	BS1	18	10	SJ	16	2.71	198	0.796	2.43
2019	Seca	BS1	19	10	SJ	20	3.34	206	0.793	4.41
2019	Seca	BS1	20	10	SJ	16	3.68	250	0.816	3.43
2019	Seca	BS1	21	10	SJ	14	3.28	230	0.747	4.61
2019	Seca	BS1	22	10	SJ	16	3.41	201	0.779	3.72
2019	Seca	BS1	23	10	SJ	23	3.5	203	0.788	3.76
2019	Seca	BS1	24	10	SJ	25	4.39	223	0.783	3.31
2019	Seca	BS1	25	10	SJ	18	3.26	185	0.797	2.66
2019	Seca	BS1	26	10	SJ	15	3.45	169	0.82	3.26
2019	Seca	BS1	27	10	SJ	21	3.73	192	0.824	3.3
2019	Seca	BS1	28	10	SJ	16	4.01	177	0.793	3.29
2019	Seca	BS1	29	10	SJ	14	3.47	166	0.805	3.89
2019	Seca	BS1	30	10	SJ	21	3.97	164	0.79	4.29
2019	Lluviosa	BS1	1	10	SJ	20	4.2	174	0.802	3.73
2019	Lluviosa	BS1	2	10	SJ	21	4.46	175	0.79	4.29
2019	Lluviosa	BS1	3	10	SJ	18	3.74	246	0.798	2.85
2019	Lluviosa	BS1	4	10	SJ	16	4.26	170	0.804	4.38
2019	Lluviosa	BS1	5	10	SJ	13	3.76	209	0.841	3.74
2019	Lluviosa	BS1	6	10	SJ	20	3.98	208	0.797	3.64
2019	Lluviosa	BS1	7	10	SJ	16	3.84	178	0.801	2.97
2019	Lluviosa	BS1	8	10	SJ	14	3.55	237	0.798	3.85
2019	Lluviosa	BS1	9	10	SJ	24	4.1	213	0.787	3.07
2019	Lluviosa	BS1	10	10	SJ	24	3.37	201	0.808	4.18
2019	Lluviosa	BS1	11	10	SJ	19	3.11	191	0.819	3.95
2019	Lluviosa	BS1	12	10	SJ	25	3.91	228	0.832	3.81
2019	Lluviosa	BS1	13	10	SJ	19	4.3	196	0.796	3.76
2019	Lluviosa	BS1	14	10	SJ	20	4.62	207	0.805	3.19
2019	Lluviosa	BS1	15	10	SJ	20	4.17	184	0.789	4.28
2019	Lluviosa	BS1	16	10	SJ	15	3.78	210	0.757	4.75
2019	Lluviosa	BS1	17	10	SJ	14	3.14	185	0.786	3.09
2019	Lluviosa	BS1	18	10	SJ	15	3.98	212	0.794	3.62
2019	Lluviosa	BS1	19	10	SJ	15	3.37	214	0.809	4.05
2019	Lluviosa	BS1	20	10	SJ	16	4.03	229	0.784	2.97
2019	Lluviosa	BS1	21	10	SJ	13	3.92	207	0.801	4.05
2019	Lluviosa	BS1	22	10	SJ	15	3.95	148	0.836	3.49
2019	Lluviosa	BS1	23	10	SJ	25	4.77	187	0.823	3.97
2019	Lluviosa	BS1	24	10	SJ	15	4.56	198	0.789	4.76
2019	Lluviosa	BS1	25	10	SJ	25	4.04	180	0.78	3.41
2019	Lluviosa	BS1	26	10	SJ	14	3.82	181	0.779	4.43
2019	Lluviosa	BS1	27	10	SJ	14	3.97	196	0.789	2.75
2019	Lluviosa	BS1	28	10	SJ	18	3.43	242	0.814	4.09
2019	Lluviosa	BS1	29	10	SJ	14	4.25	165	0.794	3.29
2019	Lluviosa	BS1	30	10	SJ	14	3.63	183	0.824	4.39
2019	Seca	BS1	1	10	VB	6	2.7	140	0.827	2.96
2019	Seca	BS1	2	10	VB	8	3.89	156	0.807	4.41
2019	Seca	BS1	3	10	VB	8	3.11	189	0.806	4.18
2019	Seca	BS1	4	10	VB	9	2.62	240	0.822	3.63
2019	Seca	BS1	5	10	VB	8	4.06	217	0.796	3.75
2019	Seca	BS1	6	10	VB	10	3.43	199	0.827	4.06
2019	Seca	BS1	7	10	VB	13	3.97	187	0.803	3.65
2019	Seca	BS1	8	10	VB	10	3.41	236	0.797	3.63
2019	Seca	BS1	9	10	VB	9	2.86	198	0.78	4.07
2019	Seca	BS1	10	10	VB	7	2.83	172	0.803	3.54
2019	Seca	BS1	11	10	VB	8	3.78	253	0.802	3.32
2019	Seca	BS1	12	10	VB	9	3.62	181	0.791	2.76
2019	Seca	BS1	13	10	VB	13	4.49	187	0.76	4.38
2019	Seca	BS1	14	10	VB	12	4.18	156	0.842	4.17
2019	Seca	BS1	15	10	VB	13	4.33	226	0.838	3.75
2019	Seca	BS1	16	10	VB	9	3.14	172	0.82	3.62
2019	Seca	BS1	17	10	VB	10	4.16	180	0.788	3.4
2019	Seca	BS1	18	10	VB	8	4.31	215	0.799	4.44
2019	Seca	BS1	19	10	VB	10	4.41	180	0.787	3.64
2019	Seca	BS1	20	10	VB	8	3.29	136	0.795	3.64
2019	Seca	BS1	21	10	VB	7	3.09	162	0.822	4.07
2019	Seca	BS1	22	10	VB	8	3.19	236	0.788	3.42
2019	Seca	BS1	23	10	VB	11	2.97	191	0.826	4.63
2019	Seca	BS1	24	10	VB	13	3.18	185	0.794	3.43
2019	Seca	BS1	25	10	VB	9	2.87	168	0.824	3.21
2019	Seca	BS1	26	10	VB	8	3.91	170	0.819	4.08
2019	Seca	BS1	27	10	VB	11	3.94	185	0.828	4.82
2019	Seca	BS1	28	10	VB	8	3.56	156	0.8	3.99
2019	Seca	BS1	29	10	VB	7	2.77	196	0.809	3.37
2019	Seca	BS1	30	10	VB	11	3.34	246	0.78	3.08
2019	Lluviosa	BS1	1	10	VB	10	3.42	222	0.785	3.96
2019	Lluviosa	BS1	2	10	VB	11	4	218	0.819	3.69
2019	Lluviosa	BS1	3	10	VB	9	4.03	205	0.814	3.86
2019	Lluviosa	BS1	4	10	VB	8	4.04	230	0.806	3.54
2019	Lluviosa	BS1	5	10	VB	6	3.26	198	0.877	3.06
2019	Lluviosa	BS1	6	10	VB	10	4.13	146	0.799	4.96
2019	Lluviosa	BS1	7	10	VB	8	2.94	232	0.818	3.95
2019	Lluviosa	BS1	8	10	VB	7	4.87	219	0.802	3.42
2019	Lluviosa	BS1	9	10	VB	12	4.79	207	0.796	4.06
2019	Lluviosa	BS1	10	10	VB	12	4.15	236	0.815	3.62
2019	Lluviosa	BS1	11	10	VB	9	4.79	193	0.776	3.75
2019	Lluviosa	BS1	12	10	VB	13	4.1	176	0.827	3.62
2019	Lluviosa	BS1	13	10	VB	9	3.85	201	0.809	3.19
2019	Lluviosa	BS1	14	10	VB	10	3.75	204	0.781	3.84
2019	Lluviosa	BS1	15	10	VB	10	3.96	148	0.831	3.43
2019	Lluviosa	BS1	16	10	VB	8	4.47	201	0.811	3.23
2019	Lluviosa	BS1	17	10	VB	7	3.9	222	0.801	3.27
2019	Lluviosa	BS1	18	10	VB	8	3.64	200	0.783	3.64
2019	Lluviosa	BS1	19	10	VB	8	4.07	212	0.779	3.65
2019	Lluviosa	BS1	20	10	VB	8	4.29	181	0.822	3.84
2019	Lluviosa	BS1	21	10	VB	6	4.29	214	0.785	3.18
2019	Lluviosa	BS1	22	10	VB	8	3.38	156	0.781	3.19
2019	Lluviosa	BS1	23	10	VB	13	3.96	181	0.788	3.96
2019	Lluviosa	BS1	24	10	VB	8	4.1	148	0.784	3.53
2019	Lluviosa	BS1	25	10	VB	13	2.93	220	0.772	3.31
2019	Lluviosa	BS1	26	10	VB	7	3.33	212	0.825	3.76
2019	Lluviosa	BS1	27	10	VB	7	5.29	177	0.804	4.47
2019	Lluviosa	BS1	28	10	VB	9	4.03	189	0.803	4.15
2019	Lluviosa	BS1	29	10	VB	7	4.28	221	0.795	3.2
2019	Lluviosa	BS1	30	10	VB	7	3.88	156	0.792	4.4
2019	Seca	BS1	1	10	MD	3	3.82	232	0.804	4.08
2019	Seca	BS1	2	10	MD	4	3.38	202	0.827	2.95
2019	Seca	BS1	3	10	MD	4	3.46	173	0.833	2.85
2019	Seca	BS1	4	10	MD	5	3.8	186	0.84	3.96
2019	Seca	BS1	5	10	MD	4	2.75	188	0.79	3.5
2019	Seca	BS1	6	10	MD	5	3.44	159	0.79	3.29
2019	Seca	BS1	7	10	MD	6	3.66	160	0.753	3.51
2019	Seca	BS1	8	10	MD	5	3.21	213	0.757	4.08
2019	Seca	BS1	9	10	MD	4	3.71	190	0.802	3.64
2019	Seca	BS1	10	10	MD	3	3.98	191	0.81	3.77
2019	Seca	BS1	11	10	MD	4	3.52	206	0.803	3.53
2019	Seca	BS1	12	10	MD	4	2.58	167	0.826	3.2
2019	Seca	BS1	13	10	MD	6	3.22	172	0.855	4.42
2019	Seca	BS1	14	10	MD	6	4.05	160	0.797	4.51
2019	Seca	BS1	15	10	MD	6	4.35	175	0.82	4.22
2019	Seca	BS1	16	10	MD	5	4.76	213	0.791	5.14
2019	Seca	BS1	17	10	MD	5	2.22	197	0.788	3.97
2019	Seca	BS1	18	10	MD	4	3.83	208	0.804	3.75
2019	Seca	BS1	19	10	MD	5	3.66	154	0.771	3.95
2019	Seca	BS1	20	10	MD	4	3.54	224	0.819	3.54
2019	Seca	BS1	21	10	MD	3	3.8	218	0.804	3.97
2019	Seca	BS1	22	10	MD	4	3.44	217	0.792	3.83
2019	Seca	BS1	23	10	MD	6	3.78	200	0.788	2.74
2019	Seca	BS1	24	10	MD	6	3.84	194	0.815	3.83
2019	Seca	BS1	25	10	MD	4	3.95	185	0.785	3.17
2019	Seca	BS1	26	10	MD	4	3.42	162	0.818	3.88
2019	Seca	BS1	27	10	MD	5	3.74	219	0.803	4.54
2019	Seca	BS1	28	10	MD	4	3.03	203	0.816	4.06
2019	Seca	BS1	29	10	MD	3	4	191	0.804	3.97
2019	Seca	BS1	30	10	MD	5	3.06	186	0.849	3.51
2019	Lluviosa	BS1	1	10	MD	5	4.54	195	0.83	3.64
2019	Lluviosa	BS1	2	10	MD	5	3.71	201	0.792	4.5
2019	Lluviosa	BS1	3	10	MD	4	4.05	218	0.766	3.53
2019	Lluviosa	BS1	4	10	MD	4	3.12	240	0.789	3.84
2019	Lluviosa	BS1	5	10	MD	3	3.05	221	0.787	3.16
2019	Lluviosa	BS1	6	10	MD	5	3.65	160	0.81	4.52
2019	Lluviosa	BS1	7	10	MD	4	4.59	216	0.811	4.19
2019	Lluviosa	BS1	8	10	MD	3	3.75	216	0.785	3.93
2019	Lluviosa	BS1	9	10	MD	6	5.28	191	0.827	3.76
2019	Lluviosa	BS1	10	10	MD	6	3.72	255	0.79	4.28
2019	Lluviosa	BS1	11	10	MD	5	4.07	251	0.779	3.51
2019	Lluviosa	BS1	12	10	MD	6	4.15	200	0.847	4.09
2019	Lluviosa	BS1	13	10	MD	5	3.49	174	0.792	3.52
2019	Lluviosa	BS1	14	10	MD	5	3.94	228	0.791	3.5
2019	Lluviosa	BS1	15	10	MD	5	3.79	157	0.786	3.72
2019	Lluviosa	BS1	16	10	MD	4	3.53	189	0.811	3.76
2019	Lluviosa	BS1	17	10	MD	3	3.54	213	0.826	4.41
2019	Lluviosa	BS1	18	10	MD	4	3.74	188	0.82	4.64
2019	Lluviosa	BS1	19	10	MD	4	4.28	200	0.829	4.17
2019	Lluviosa	BS1	20	10	MD	4	4.88	187	0.797	4.96
2019	Lluviosa	BS1	21	10	MD	3	5.04	210	0.78	2.87
2019	Lluviosa	BS1	22	10	MD	4	4.27	256	0.781	3.63
2019	Lluviosa	BS1	23	10	MD	6	3.8	161	0.76	3.95
2019	Lluviosa	BS1	24	10	MD	4	3.64	150	0.781	4.31
2019	Lluviosa	BS1	25	10	MD	6	3.59	178	0.834	4.18
2019	Lluviosa	BS1	26	10	MD	3	3.73	173	0.803	3.61
2019	Lluviosa	BS1	27	10	MD	3	3.96	170	0.809	4.63
2019	Lluviosa	BS1	28	10	MD	4	5.24	198	0.812	3.54
2019	Lluviosa	BS1	29	10	MD	3	4.86	207	0.79	4.28
2019	Lluviosa	BS1	30	10	MD	3	4.04	171	0.833	3.84
2019	Seca	BS1	1	10	MC	2	2.56	216	0.803	3.73
2019	Seca	BS1	2	10	MC	2	3.08	234	0.782	3.51
2019	Seca	BS1	3	10	MC	2	4.31	188	0.814	4.05
2019	Seca	BS1	4	10	MC	2	3.02	205	0.806	4.36
2019	Seca	BS1	5	10	MC	2	3.57	205	0.818	3.09
2019	Seca	BS1	6	10	MC	3	3.2	178	0.818	3.96
2019	Seca	BS1	7	10	MC	3	4.05	172	0.776	4.29
2019	Seca	BS1	8	10	MC	3	3.3	208	0.781	4.22
2019	Seca	BS1	9	10	MC	2	3.22	206	0.832	3.41
2019	Seca	BS1	10	10	MC	2	3.77	178	0.796	2.97
2019	Seca	BS1	11	10	MC	2	3.2	173	0.811	3.52
2019	Seca	BS1	12	10	MC	2	3.43	204	0.823	4.09
2019	Seca	BS1	13	10	MC	3	4.65	203	0.79	2.43
2019	Seca	BS1	14	10	MC	3	2.84	196	0.807	3.72
2019	Seca	BS1	15	10	MC	3	3.88	163	0.801	3.38
2019	Seca	BS1	16	10	MC	2	3.36	207	0.786	3.41
2019	Seca	BS1	17	10	MC	3	3.43	195	0.783	3.08
2019	Seca	BS1	18	10	MC	2	3.93	255	0.79	4.05
2019	Seca	BS1	19	10	MC	3	3.48	197	0.814	3.75
2019	Seca	BS1	20	10	MC	2	3.64	179	0.837	3.2
2019	Seca	BS1	21	10	MC	2	3.02	198	0.802	3.41
2019	Seca	BS1	22	10	MC	2	3.03	224	0.824	3.99
2019	Seca	BS1	23	10	MC	3	4.06	152	0.805	3.74
2019	Seca	BS1	24	10	MC	3	3.54	184	0.776	3.94
2019	Seca	BS1	25	10	MC	2	3.36	201	0.781	3.41
2019	Seca	BS1	26	10	MC	2	3.35	240	0.824	3.86
2019	Seca	BS1	27	10	MC	3	2.97	239	0.826	2.97
2019	Seca	BS1	28	10	MC	2	3.39	197	0.782	4.32
2019	Seca	BS1	29	10	MC	2	4.17	191	0.796	2.63
2019	Seca	BS1	30	10	MC	3	4.17	190	0.809	3.32
2019	Lluviosa	BS1	1	10	MC	3	3.39	205	0.809	4.54
2019	Lluviosa	BS1	2	10	MC	3	3.83	182	0.803	4.08
2019	Lluviosa	BS1	3	10	MC	2	4.22	198	0.804	2.54
2019	Lluviosa	BS1	4	10	MC	2	4.05	160	0.817	4.31
2019	Lluviosa	BS1	5	10	MC	2	5	208	0.842	4.13
2019	Lluviosa	BS1	6	10	MC	3	3.39	130	0.812	3.52
2019	Lluviosa	BS1	7	10	MC	2	4.35	176	0.809	3.66
2019	Lluviosa	BS1	8	10	MC	2	4.72	250	0.818	4.05
2019	Lluviosa	BS1	9	10	MC	3	4.32	179	0.757	3.72
2019	Lluviosa	BS1	10	10	MC	3	3.82	256	0.803	4.38
2019	Lluviosa	BS1	11	10	MC	2	3.38	186	0.809	3.84
2019	Lluviosa	BS1	12	10	MC	3	4.25	221	0.788	3.3
2019	Lluviosa	BS1	13	10	MC	2	4.44	223	0.841	3.95
2019	Lluviosa	BS1	14	10	MC	3	3.91	191	0.857	3.75
2019	Lluviosa	BS1	15	10	MC	3	4.53	154	0.795	2.64
2019	Lluviosa	BS1	16	10	MC	2	4.43	191	0.809	3.33
2019	Lluviosa	BS1	17	10	MC	2	3.99	187	0.774	3.93
2019	Lluviosa	BS1	18	10	MC	2	4.61	216	0.818	3.95
2019	Lluviosa	BS1	19	10	MC	2	3.51	141	0.829	3.95
2019	Lluviosa	BS1	20	10	MC	2	3.51	192	0.789	4.28
2019	Lluviosa	BS1	21	10	MC	2	3.88	221	0.796	3.95
2019	Lluviosa	BS1	22	10	MC	2	3.56	200	0.787	3.09
2019	Lluviosa	BS1	23	10	MC	3	4.41	205	0.84	3.74
2019	Lluviosa	BS1	24	10	MC	2	4.23	253	0.811	3.96
2019	Lluviosa	BS1	25	10	MC	3	4	249	0.82	3.96
2019	Lluviosa	BS1	26	10	MC	2	3.67	203	0.791	4.29
2019	Lluviosa	BS1	27	10	MC	2	3.61	199	0.788	3.39
2019	Lluviosa	BS1	28	10	MC	2	3.97	195	0.788	3.84
2019	Lluviosa	BS1	29	10	MC	2	4.18	218	0.821	3.51
2019	Lluviosa	BS1	30	10	MC	2	4.18	168	0.8	3.96
2019	Seca	BS2	1	10	SJ	18	2.95	175	0.799	2.2
2019	Seca	BS2	2	10	SJ	18	2.24	168	0.773	1.87
2019	Seca	BS2	3	10	SJ	19	3.41	193	0.785	1.75
2019	Seca	BS2	4	10	SJ	17	3.8	115	0.791	1.54
2019	Seca	BS2	5	10	SJ	20	2.58	194	0.802	1.42
2019	Seca	BS2	6	10	SJ	17	2.28	139	0.811	2.32
2019	Seca	BS2	7	10	SJ	12	3.42	140	0.787	1.1
2019	Seca	BS2	8	10	SJ	16	3.04	140	0.783	2.63
2019	Seca	BS2	9	10	SJ	18	2.87	149	0.803	2.42
2019	Seca	BS2	10	10	SJ	20	3.09	155	0.838	1.65
2019	Seca	BS2	11	10	SJ	12	2.32	150	0.808	1.87
2019	Seca	BS2	12	10	SJ	13	3.08	133	0.812	2.09
2019	Seca	BS2	13	10	SJ	10	2.39	135	0.811	2.09
2019	Seca	BS2	14	10	SJ	17	3.11	202	0.796	2.1
2019	Seca	BS2	15	10	SJ	19	3.47	218	0.802	3.5
2019	Seca	BS2	16	10	SJ	13	3.17	158	0.817	1.88
2019	Seca	BS2	17	10	SJ	20	2.47	201	0.835	2.2
2019	Seca	BS2	18	10	SJ	13	2.21	140	0.795	2.86
2019	Seca	BS2	19	10	SJ	10	2.84	148	0.803	1.53
2019	Seca	BS2	20	10	SJ	12	3.18	172	0.769	3.43
2019	Seca	BS2	21	10	SJ	11	2.78	218	0.831	1.98
2019	Seca	BS2	22	10	SJ	10	2.91	183	0.797	2.31
2019	Seca	BS2	23	10	SJ	11	3	159	0.791	2.53
2019	Seca	BS2	24	10	SJ	10	3.89	193	0.814	2.2
2019	Seca	BS2	25	10	SJ	16	2.76	171	0.792	2.53
2019	Seca	BS2	26	10	SJ	19	2.95	119	0.819	2.08
2019	Seca	BS2	27	10	SJ	18	3.23	152	0.802	2.53
2019	Seca	BS2	28	10	SJ	13	3.51	186	0.782	2.21
2019	Seca	BS2	29	10	SJ	10	2.97	129	0.782	2.2
2019	Seca	BS2	30	10	SJ	18	3.47	163	0.812	2.19
2019	Lluviosa	BS2	1	10	SJ	14	3.7	111	0.807	2.1
2019	Lluviosa	BS2	2	10	SJ	11	3.96	176	0.8	2.1
2019	Lluviosa	BS2	3	10	SJ	19	3.24	169	0.804	1.86
2019	Lluviosa	BS2	4	10	SJ	19	3.76	161	0.801	2.09
2019	Lluviosa	BS2	5	10	SJ	14	3.26	168	0.803	2.31
2019	Lluviosa	BS2	6	10	SJ	18	3.48	143	0.78	2.63
2019	Lluviosa	BS2	7	10	SJ	13	3.34	144	0.806	1.77
2019	Lluviosa	BS2	8	10	SJ	18	3.05	176	0.792	1.44
2019	Lluviosa	BS2	9	10	SJ	10	3.6	154	0.829	1.77
2019	Lluviosa	BS2	10	10	SJ	15	2.87	177	0.818	2.41
2019	Lluviosa	BS2	11	10	SJ	15	2.61	164	0.777	2.09
2019	Lluviosa	BS2	12	10	SJ	15	3.41	191	0.791	2.54
2019	Lluviosa	BS2	13	10	SJ	17	3.8	155	0.819	2.09
2019	Lluviosa	BS2	14	10	SJ	14	4.12	173	0.816	1.99
2019	Lluviosa	BS2	15	10	SJ	16	3.67	165	0.794	2.52
2019	Lluviosa	BS2	16	10	SJ	13	3.28	199	0.784	2.84
2019	Lluviosa	BS2	17	10	SJ	13	2.64	191	0.802	1.76
2019	Lluviosa	BS2	18	10	SJ	12	3.48	166	0.789	1.86
2019	Lluviosa	BS2	19	10	SJ	16	2.87	209	0.805	1.76
2019	Lluviosa	BS2	20	10	SJ	15	3.53	121	0.859	1.54
2019	Lluviosa	BS2	21	10	SJ	14	3.42	200	0.782	2.64
2019	Lluviosa	BS2	22	10	SJ	11	3.45	185	0.834	1.76
2019	Lluviosa	BS2	23	10	SJ	17	4.27	194	0.776	2.39
2019	Lluviosa	BS2	24	10	SJ	12	4.06	104	0.793	1.32
2019	Lluviosa	BS2	25	10	SJ	10	3.54	121	0.829	1.99
2019	Lluviosa	BS2	26	10	SJ	15	3.32	154	0.772	1.98
2019	Lluviosa	BS2	27	10	SJ	11	3.47	160	0.811	2.54
2019	Lluviosa	BS2	28	10	SJ	13	2.93	144	0.806	2.32
2019	Lluviosa	BS2	29	10	SJ	14	3.75	115	0.834	1.1
2019	Lluviosa	BS2	30	10	SJ	16	3.13	143	0.845	1.21
2019	Seca	BS2	1	10	VB	9	2.2	163	0.79	1.87
2019	Seca	BS2	2	10	VB	9	3.39	121	0.788	3.11
2019	Seca	BS2	3	10	VB	10	2.61	181	0.793	2.3
2019	Seca	BS2	4	10	VB	9	2.12	144	0.778	3.11
2019	Seca	BS2	5	10	VB	10	3.56	146	0.807	2.4
2019	Seca	BS2	6	10	VB	9	2.93	156	0.784	3.53
2019	Seca	BS2	7	10	VB	6	3.47	135	0.777	1.99
2019	Seca	BS2	8	10	VB	8	2.91	165	0.814	2.31
2019	Seca	BS2	9	10	VB	9	2.36	197	0.802	2.31
2019	Seca	BS2	10	10	VB	10	2.33	122	0.808	3.16
2019	Seca	BS2	11	10	VB	6	3.28	152	0.804	2.86
2019	Seca	BS2	12	10	VB	7	3.12	111	0.799	1.99
2019	Seca	BS2	13	10	VB	5	3.99	148	0.755	2.09
2019	Seca	BS2	14	10	VB	9	3.68	146	0.796	2.31
2019	Seca	BS2	15	10	VB	10	3.83	163	0.792	2.65
2019	Seca	BS2	16	10	VB	7	2.64	192	0.827	2.77
2019	Seca	BS2	17	10	VB	10	3.66	113	0.813	1.86
2019	Seca	BS2	18	10	VB	7	3.81	110	0.817	1.77
2019	Seca	BS2	19	10	VB	5	3.91	148	0.772	2.52
2019	Seca	BS2	20	10	VB	6	2.79	154	0.815	2.74
2019	Seca	BS2	21	10	VB	6	2.59	146	0.812	3.28
2019	Seca	BS2	22	10	VB	5	2.69	171	0.771	2.53
2019	Seca	BS2	23	10	VB	6	2.47	203	0.787	2.4
2019	Seca	BS2	24	10	VB	5	2.68	116	0.796	2.71
2019	Seca	BS2	25	10	VB	8	2.37	182	0.856	2.73
2019	Seca	BS2	26	10	VB	10	3.41	116	0.807	2.75
2019	Seca	BS2	27	10	VB	9	3.44	155	0.801	1.21
2019	Seca	BS2	28	10	VB	7	3.06	144	0.795	2.64
2019	Seca	BS2	29	10	VB	5	2.27	183	0.785	2.4
2019	Seca	BS2	30	10	VB	9	2.84	110	0.825	2.42
2019	Lluviosa	BS2	1	10	VB	7	2.92	138	0.823	2.77
2019	Lluviosa	BS2	2	10	VB	6	3.5	162	0.806	1.43
2019	Lluviosa	BS2	3	10	VB	10	3.53	150	0.792	1.99
2019	Lluviosa	BS2	4	10	VB	10	3.54	207	0.811	2.96
2019	Lluviosa	BS2	5	10	VB	7	2.76	129	0.764	2.2
2019	Lluviosa	BS2	6	10	VB	9	3.63	148	0.796	2.1
2019	Lluviosa	BS2	7	10	VB	7	2.44	135	0.784	1.54
2019	Lluviosa	BS2	8	10	VB	9	4.37	122	0.808	3.27
2019	Lluviosa	BS2	9	10	VB	5	4.29	142	0.796	2.1
2019	Lluviosa	BS2	10	10	VB	8	3.65	173	0.767	1.97
2019	Lluviosa	BS2	11	10	VB	8	4.29	170	0.788	2.97
2019	Lluviosa	BS2	12	10	VB	8	3.6	145	0.785	1.32
2019	Lluviosa	BS2	13	10	VB	9	3.35	131	0.803	2.32
2019	Lluviosa	BS2	14	10	VB	7	3.25	118	0.792	0.99
2019	Lluviosa	BS2	15	10	VB	8	3.46	195	0.793	2.53
2019	Lluviosa	BS2	16	10	VB	7	3.97	195	0.796	1.97
2019	Lluviosa	BS2	17	10	VB	7	3.4	113	0.8	1.53
2019	Lluviosa	BS2	18	10	VB	6	3.14	212	0.801	2.09
2019	Lluviosa	BS2	19	10	VB	8	3.57	194	0.796	2.09
2019	Lluviosa	BS2	20	10	VB	8	3.79	161	0.801	2.65
2019	Lluviosa	BS2	21	10	VB	7	3.79	175	0.785	2.21
2019	Lluviosa	BS2	22	10	VB	6	2.88	140	0.809	1.98
2019	Lluviosa	BS2	23	10	VB	9	3.46	218	0.827	2.5
2019	Lluviosa	BS2	24	10	VB	6	3.6	214	0.788	2.94
2019	Lluviosa	BS2	25	10	VB	5	2.43	202	0.786	1.98
2019	Lluviosa	BS2	26	10	VB	8	2.83	133	0.776	2.75
2019	Lluviosa	BS2	27	10	VB	6	4.79	109	0.773	2.96
2019	Lluviosa	BS2	28	10	VB	7	3.53	157	0.781	1.76
2019	Lluviosa	BS2	29	10	VB	7	3.78	124	0.814	2.54
2019	Lluviosa	BS2	30	10	VB	8	3.38	195	0.802	2.1
2019	Seca	BS2	1	10	MD	5	3.32	207	0.803	2.54
2019	Seca	BS2	2	10	MD	5	2.88	163	0.817	3.29
2019	Seca	BS2	3	10	MD	5	2.96	154	0.846	1.98
2019	Seca	BS2	4	10	MD	4	3.3	164	0.824	1
2019	Seca	BS2	5	10	MD	5	2.25	158	0.8	2.42
2019	Seca	BS2	6	10	MD	4	2.94	188	0.808	2.32
2019	Seca	BS2	7	10	MD	3	3.16	199	0.793	2.08
2019	Seca	BS2	8	10	MD	4	2.71	198	0.794	1.11
2019	Seca	BS2	9	10	MD	5	3.21	117	0.773	2.09
2019	Seca	BS2	10	10	MD	5	3.48	146	0.815	2.54
2019	Seca	BS2	11	10	MD	3	3.02	189	0.788	0.99
2019	Seca	BS2	12	10	MD	3	2.08	144	0.832	2.09
2019	Seca	BS2	13	10	MD	3	2.72	152	0.818	2.65
2019	Seca	BS2	14	10	MD	4	3.55	141	0.808	1.97
2019	Seca	BS2	15	10	MD	5	3.85	159	0.819	1.85
2019	Seca	BS2	16	10	MD	3	4.26	153	0.813	1.43
2019	Seca	BS2	17	10	MD	5	1.72	149	0.768	2.32
2019	Seca	BS2	18	10	MD	3	3.33	82	0.772	1.76
2019	Seca	BS2	19	10	MD	3	3.16	147	0.799	1.87
2019	Seca	BS2	20	10	MD	3	3.04	163	0.792	2.41
2019	Seca	BS2	21	10	MD	3	3.3	174	0.847	2.21
2019	Seca	BS2	22	10	MD	3	2.94	125	0.849	1.52
2019	Seca	BS2	23	10	MD	3	3.28	175	0.793	2.1
2019	Seca	BS2	24	10	MD	3	3.34	173	0.813	1.43
2019	Seca	BS2	25	10	MD	4	3.45	121	0.779	3.27
2019	Seca	BS2	26	10	MD	5	2.92	135	0.849	1.87
2019	Seca	BS2	27	10	MD	5	3.24	201	0.805	2.4
2019	Seca	BS2	28	10	MD	3	2.53	166	0.818	2.76
2019	Seca	BS2	29	10	MD	3	3.5	201	0.809	2.31
2019	Seca	BS2	30	10	MD	5	2.56	167	0.795	2.53
2019	Lluviosa	BS2	1	10	MD	4	4.04	192	0.789	2.41
2019	Lluviosa	BS2	2	10	MD	3	3.21	148	0.807	1.86
2019	Lluviosa	BS2	3	10	MD	5	3.55	178	0.807	1.87
2019	Lluviosa	BS2	4	10	MD	5	2.62	192	0.799	1.77
2019	Lluviosa	BS2	5	10	MD	4	2.55	165	0.803	2.19
2019	Lluviosa	BS2	6	10	MD	5	3.15	163	0.794	1.32
2019	Lluviosa	BS2	7	10	MD	3	4.09	141	0.798	1.65
2019	Lluviosa	BS2	8	10	MD	5	3.25	189	0.775	2.62
2019	Lluviosa	BS2	9	10	MD	3	4.78	145	0.798	1.53
2019	Lluviosa	BS2	10	10	MD	4	3.22	142	0.823	1.54
2019	Lluviosa	BS2	11	10	MD	4	3.57	165	0.838	1.65
2019	Lluviosa	BS2	12	10	MD	4	3.65	172	0.808	2.97
2019	Lluviosa	BS2	13	10	MD	4	2.99	191	0.833	2.64
2019	Lluviosa	BS2	14	10	MD	4	3.44	176	0.816	2.65
2019	Lluviosa	BS2	15	10	MD	4	3.29	199	0.757	1.43
2019	Lluviosa	BS2	16	10	MD	3	3.03	138	0.803	1.11
2019	Lluviosa	BS2	17	10	MD	3	3.04	142	0.787	0.99
2019	Lluviosa	BS2	18	10	MD	3	3.24	159	0.791	2.19
2019	Lluviosa	BS2	19	10	MD	4	3.78	224	0.814	2.43
2019	Lluviosa	BS2	20	10	MD	4	4.38	173	0.785	1.44
2019	Lluviosa	BS2	21	10	MD	4	4.54	146	0.805	2.21
2019	Lluviosa	BS2	22	10	MD	3	3.77	166	0.811	1.65
2019	Lluviosa	BS2	23	10	MD	4	3.3	197	0.79	1.43
2019	Lluviosa	BS2	24	10	MD	3	3.14	137	0.807	2.42
2019	Lluviosa	BS2	25	10	MD	3	3.09	203	0.827	2.87
2019	Lluviosa	BS2	26	10	MD	4	3.23	210	0.774	2.41
2019	Lluviosa	BS2	27	10	MD	3	3.46	117	0.766	2.74
2019	Lluviosa	BS2	28	10	MD	3	4.74	149	0.819	2.19
2019	Lluviosa	BS2	29	10	MD	4	4.36	176	0.787	2.51
2019	Lluviosa	BS2	30	10	MD	4	3.54	232	0.769	2.54
2019	Seca	BS2	1	10	MC	2	2.06	142	0.798	1.77
2019	Seca	BS2	2	10	MC	2	2.58	173	0.798	2.76
2019	Seca	BS2	3	10	MC	2	3.81	166	0.788	1.78
2019	Seca	BS2	4	10	MC	2	2.52	175	0.838	2.2
2019	Seca	BS2	5	10	MC	3	3.07	134	0.792	2.74
2019	Seca	BS2	6	10	MC	2	2.7	219	0.821	2.43
2019	Seca	BS2	7	10	MC	2	3.55	165	0.761	1.98
2019	Seca	BS2	8	10	MC	2	2.8	190	0.808	2.53
2019	Seca	BS2	9	10	MC	2	2.72	185	0.802	1.75
2019	Seca	BS2	10	10	MC	3	3.27	109	0.788	2.19
2019	Seca	BS2	11	10	MC	2	2.7	150	0.809	2.41
2019	Seca	BS2	12	10	MC	2	2.93	145	0.797	2.08
2019	Seca	BS2	13	10	MC	1	4.15	150	0.802	0.66
2019	Seca	BS2	14	10	MC	2	2.34	152	0.808	1.76
2019	Seca	BS2	15	10	MC	2	3.38	158	0.823	2.76
2019	Seca	BS2	16	10	MC	2	2.86	167	0.81	2.09
2019	Seca	BS2	17	10	MC	3	2.93	207	0.787	1.88
2019	Seca	BS2	18	10	MC	2	3.43	170	0.812	1.32
2019	Seca	BS2	19	10	MC	1	2.98	156	0.79	3.18
2019	Seca	BS2	20	10	MC	2	3.14	167	0.778	2.78
2019	Seca	BS2	21	10	MC	1	2.52	183	0.8	1.98
2019	Seca	BS2	22	10	MC	1	2.53	170	0.843	2.76
2019	Seca	BS2	23	10	MC	1	3.56	160	0.817	2.97
2019	Seca	BS2	24	10	MC	1	3.04	144	0.78	2.21
2019	Seca	BS2	25	10	MC	2	2.86	151	0.804	2.43
2019	Seca	BS2	26	10	MC	2	2.85	143	0.783	1.21
2019	Seca	BS2	27	10	MC	2	2.47	181	0.815	2.1
2019	Seca	BS2	28	10	MC	2	2.89	154	0.796	2.53
2019	Seca	BS2	29	10	MC	1	3.67	137	0.767	2.31
2019	Seca	BS2	30	10	MC	2	3.67	235	0.828	2.87
2019	Lluviosa	BS2	1	10	MC	2	2.89	138	0.781	2.1
2019	Lluviosa	BS2	2	10	MC	1	3.33	170	0.803	2.42
2019	Lluviosa	BS2	3	10	MC	2	3.72	126	0.811	2.31
2019	Lluviosa	BS2	4	10	MC	2	3.55	139	0.814	2
2019	Lluviosa	BS2	5	10	MC	2	4.5	138	0.823	2.43
2019	Lluviosa	BS2	6	10	MC	2	2.89	143	0.783	2.31
2019	Lluviosa	BS2	7	10	MC	2	3.85	146	0.801	2.63
2019	Lluviosa	BS2	8	10	MC	2	4.22	195	0.804	2.63
2019	Lluviosa	BS2	9	10	MC	1	3.82	137	0.796	2.11
2019	Lluviosa	BS2	10	10	MC	2	3.32	149	0.787	2.42
2019	Lluviosa	BS2	11	10	MC	2	2.88	149	0.834	2.51
2019	Lluviosa	BS2	12	10	MC	2	3.75	138	0.819	2.41
2019	Lluviosa	BS2	13	10	MC	2	3.94	155	0.81	2.21
2019	Lluviosa	BS2	14	10	MC	2	3.41	140	0.806	2.53
2019	Lluviosa	BS2	15	10	MC	2	4.03	160	0.819	1.75
2019	Lluviosa	BS2	16	10	MC	2	3.93	105	0.801	2.98
2019	Lluviosa	BS2	17	10	MC	2	3.49	183	0.773	2.53
2019	Lluviosa	BS2	18	10	MC	2	4.11	145	0.812	1.54
2019	Lluviosa	BS2	19	10	MC	2	3.01	189	0.809	2.78
2019	Lluviosa	BS2	20	10	MC	2	3.01	115	0.787	2.98
2019	Lluviosa	BS2	21	10	MC	2	3.38	197	0.817	1.54
2019	Lluviosa	BS2	22	10	MC	1	3.06	167	0.81	2.1
2019	Lluviosa	BS2	23	10	MC	2	3.91	201	0.818	2.42
2019	Lluviosa	BS2	24	10	MC	2	3.73	128	0.813	1.43
2019	Lluviosa	BS2	25	10	MC	1	3.5	171	0.789	2.1
2019	Lluviosa	BS2	26	10	MC	2	3.17	143	0.794	2.07
2019	Lluviosa	BS2	27	10	MC	1	3.11	152	0.79	0.88
2019	Lluviosa	BS2	28	10	MC	2	3.47	188	0.805	2.19
2019	Lluviosa	BS2	29	10	MC	2	3.68	196	0.79	1.98
2019	Lluviosa	BS2	30	10	MC	2	3.68	184	0.812	2.3
2019	Seca	BS3	1	10	SJ	11	2.2	139	0.798	0.99
2019	Seca	BS3	2	10	SJ	12	1.49	137	0.764	2.21
2019	Seca	BS3	3	10	SJ	18	2.66	154	0.81	0.66
2019	Seca	BS3	4	10	SJ	15	3.05	154	0.817	1.21
2019	Seca	BS3	5	10	SJ	12	1.83	133	0.801	2.08
2019	Seca	BS3	6	10	SJ	11	1.53	139	0.803	1.76
2019	Seca	BS3	7	10	SJ	12	2.67	197	0.773	0.99
2019	Seca	BS3	8	10	SJ	13	2.29	126	0.794	1.66
2019	Seca	BS3	9	10	SJ	17	2.12	152	0.795	2.32
2019	Seca	BS3	10	10	SJ	19	2.34	152	0.802	1.77
2019	Seca	BS3	11	10	SJ	13	1.57	122	0.778	2.42
2019	Seca	BS3	12	10	SJ	16	2.33	164	0.808	1.88
2019	Seca	BS3	13	10	SJ	16	1.64	127	0.806	1.43
2019	Seca	BS3	14	10	SJ	16	2.36	172	0.814	1.21
2019	Seca	BS3	15	10	SJ	19	2.72	117	0.794	1.33
2019	Seca	BS3	16	10	SJ	17	2.42	156	0.791	1.86
2019	Seca	BS3	17	10	SJ	10	1.72	144	0.786	2
2019	Seca	BS3	18	10	SJ	14	1.46	160	0.818	2.4
2019	Seca	BS3	19	10	SJ	14	2.09	133	0.817	2.08
2019	Seca	BS3	20	10	SJ	15	2.43	154	0.811	0.99
2019	Seca	BS3	21	10	SJ	20	2.03	114	0.828	1.42
2019	Seca	BS3	22	10	SJ	11	2.16	121	0.8	1.09
2019	Seca	BS3	23	10	SJ	19	2.25	97	0.819	2.1
2019	Seca	BS3	24	10	SJ	20	3.14	154	0.77	0.88
2019	Seca	BS3	25	10	SJ	15	2.01	178	0.791	1.54
2019	Seca	BS3	26	10	SJ	18	2.2	137	0.818	1.76
2019	Seca	BS3	27	10	SJ	14	2.48	156	0.775	1.65
2019	Seca	BS3	28	10	SJ	20	2.76	177	0.791	1.77
2019	Seca	BS3	29	10	SJ	14	2.22	135	0.786	1.76
2019	Seca	BS3	30	10	SJ	12	2.72	144	0.78	1.89
2019	Lluviosa	BS3	1	10	SJ	18	2.95	81	0.796	1.54
2019	Lluviosa	BS3	2	10	SJ	12	3.21	175	0.803	1.87
2019	Lluviosa	BS3	3	10	SJ	16	2.49	126	0.826	1.54
2019	Lluviosa	BS3	4	10	SJ	19	3.01	129	0.765	1.63
2019	Lluviosa	BS3	5	10	SJ	16	2.51	142	0.84	1.55
2019	Lluviosa	BS3	6	10	SJ	13	2.73	143	0.806	1.32
2019	Lluviosa	BS3	7	10	SJ	15	2.59	94	0.772	1.97
2019	Lluviosa	BS3	8	10	SJ	12	2.3	151	0.794	0.88
2019	Lluviosa	BS3	9	10	SJ	17	2.85	176	0.777	1.76
2019	Lluviosa	BS3	10	10	SJ	20	2.12	138	0.799	0.88
2019	Lluviosa	BS3	11	10	SJ	13	1.86	175	0.764	1.55
2019	Lluviosa	BS3	12	10	SJ	13	2.66	70	0.762	0.67
2019	Lluviosa	BS3	13	10	SJ	17	3.05	155	0.799	2.53
2019	Lluviosa	BS3	14	10	SJ	20	3.37	187	0.787	1.43
2019	Lluviosa	BS3	15	10	SJ	11	2.92	134	0.815	2.22
2019	Lluviosa	BS3	16	10	SJ	11	2.53	147	0.84	1.43
2019	Lluviosa	BS3	17	10	SJ	20	1.89	112	0.801	1.21
2019	Lluviosa	BS3	18	10	SJ	16	2.73	170	0.818	2.08
2019	Lluviosa	BS3	19	10	SJ	19	2.12	142	0.764	1.75
2019	Lluviosa	BS3	20	10	SJ	15	2.78	178	0.809	1.98
2019	Lluviosa	BS3	21	10	SJ	11	2.67	140	0.815	1.76
2019	Lluviosa	BS3	22	10	SJ	12	2.7	158	0.789	0.44
2019	Lluviosa	BS3	23	10	SJ	10	3.52	156	0.836	1.55
2019	Lluviosa	BS3	24	10	SJ	15	3.31	174	0.821	0.89
2019	Lluviosa	BS3	25	10	SJ	10	2.79	146	0.823	2.08
2019	Lluviosa	BS3	26	10	SJ	10	2.57	130	0.838	2.2
2019	Lluviosa	BS3	27	10	SJ	14	2.72	100	0.845	2.09
2019	Lluviosa	BS3	28	10	SJ	20	2.18	149	0.836	1.97
2019	Lluviosa	BS3	29	10	SJ	19	3	95	0.825	1.65
2019	Lluviosa	BS3	30	10	SJ	16	2.38	152	0.827	1.87
2019	Seca	BS3	1	10	VB	6	1.45	130	0.794	0.66
2019	Seca	BS3	2	10	VB	6	2.64	126	0.796	0.88
2019	Seca	BS3	3	10	VB	9	1.86	149	0.805	0.89
2019	Seca	BS3	4	10	VB	8	1.37	154	0.819	0.33
2019	Seca	BS3	5	10	VB	6	2.81	155	0.795	2.42
2019	Seca	BS3	6	10	VB	6	2.18	154	0.812	2.53
2019	Seca	BS3	7	10	VB	6	2.72	146	0.814	0.89
2019	Seca	BS3	8	10	VB	7	2.16	176	0.752	1.75
2019	Seca	BS3	9	10	VB	9	1.61	154	0.795	1.65
2019	Seca	BS3	10	10	VB	10	1.58	118	0.836	2.65
2019	Seca	BS3	11	10	VB	7	2.53	140	0.798	1.64
2019	Seca	BS3	12	10	VB	8	2.37	165	0.781	1.32
2019	Seca	BS3	13	10	VB	8	3.24	181	0.787	1.64
2019	Seca	BS3	14	10	VB	8	2.93	177	0.746	1.54
2019	Seca	BS3	15	10	VB	10	3.08	205	0.797	2.1
2019	Seca	BS3	16	10	VB	9	1.89	124	0.824	1.75
2019	Seca	BS3	17	10	VB	5	2.91	110	0.785	1.33
2019	Seca	BS3	18	10	VB	7	3.06	127	0.775	2.1
2019	Seca	BS3	19	10	VB	7	3.16	147	0.807	2.54
2019	Seca	BS3	20	10	VB	8	2.04	162	0.795	1.97
2019	Seca	BS3	21	10	VB	10	1.84	146	0.789	2.53
2019	Seca	BS3	22	10	VB	6	1.94	129	0.806	1.09
2019	Seca	BS3	23	10	VB	10	1.72	118	0.803	2
2019	Seca	BS3	24	10	VB	10	1.93	163	0.833	1.2
2019	Seca	BS3	25	10	VB	8	1.62	132	0.807	0.55
2019	Seca	BS3	26	10	VB	9	2.66	131	0.826	1.1
2019	Seca	BS3	27	10	VB	7	2.69	144	0.817	1.55
2019	Seca	BS3	28	10	VB	10	2.31	153	0.772	1.21
2019	Seca	BS3	29	10	VB	7	1.52	154	0.775	2.1
2019	Seca	BS3	30	10	VB	6	2.09	197	0.776	1.86
2019	Lluviosa	BS3	1	10	VB	9	2.17	119	0.824	1.88
2019	Lluviosa	BS3	2	10	VB	6	2.75	203	0.761	1.1
2019	Lluviosa	BS3	3	10	VB	8	2.78	150	0.784	2.31
2019	Lluviosa	BS3	4	10	VB	10	2.79	173	0.814	1.32
2019	Lluviosa	BS3	5	10	VB	8	2.01	140	0.779	1.54
2019	Lluviosa	BS3	6	10	VB	7	2.88	179	0.784	1.87
2019	Lluviosa	BS3	7	10	VB	8	1.69	182	0.808	1.55
2019	Lluviosa	BS3	8	10	VB	6	3.62	126	0.761	2.19
2019	Lluviosa	BS3	9	10	VB	9	3.54	149	0.786	1.88
2019	Lluviosa	BS3	10	10	VB	10	2.9	166	0.789	0.33
2019	Lluviosa	BS3	11	10	VB	7	3.54	136	0.847	1.33
2019	Lluviosa	BS3	12	10	VB	7	2.85	139	0.793	1.32
2019	Lluviosa	BS3	13	10	VB	9	2.6	172	0.828	1.88
2019	Lluviosa	BS3	14	10	VB	10	2.5	161	0.783	1.32
2019	Lluviosa	BS3	15	10	VB	6	2.71	112	0.772	2.52
2019	Lluviosa	BS3	16	10	VB	6	3.22	153	0.785	1.09
2019	Lluviosa	BS3	17	10	VB	10	2.65	175	0.815	1.1
2019	Lluviosa	BS3	18	10	VB	8	2.39	157	0.814	0.44
2019	Lluviosa	BS3	19	10	VB	10	2.82	154	0.788	1.55
2019	Lluviosa	BS3	20	10	VB	8	3.04	140	0.796	1.32
2019	Lluviosa	BS3	21	10	VB	6	3.04	131	0.822	0.88
2019	Lluviosa	BS3	22	10	VB	6	2.13	127	0.785	0.99
2019	Lluviosa	BS3	23	10	VB	5	2.71	152	0.784	1.88
2019	Lluviosa	BS3	24	10	VB	8	2.85	146	0.788	2.97
2019	Lluviosa	BS3	25	10	VB	5	1.68	114	0.772	2.08
2019	Lluviosa	BS3	26	10	VB	5	2.08	120	0.765	1.44
2019	Lluviosa	BS3	27	10	VB	7	4.04	114	0.782	1.87
2019	Lluviosa	BS3	28	10	VB	10	2.78	73	0.796	1.21
2019	Lluviosa	BS3	29	10	VB	10	3.03	141	0.818	0.77
2019	Lluviosa	BS3	30	10	VB	8	2.63	151	0.799	1.88
2019	Seca	BS3	1	10	MD	3	2.57	110	0.835	0.66
2019	Seca	BS3	2	10	MD	3	2.13	178	0.818	1.76
2019	Seca	BS3	3	10	MD	5	2.21	144	0.818	2.42
2019	Seca	BS3	4	10	MD	4	2.55	156	0.813	1.33
2019	Seca	BS3	5	10	MD	3	1.5	152	0.789	1
2019	Seca	BS3	6	10	MD	3	2.19	153	0.788	1.98
2019	Seca	BS3	7	10	MD	3	2.41	170	0.787	1.54
2019	Seca	BS3	8	10	MD	3	1.96	152	0.793	1.76
2019	Seca	BS3	9	10	MD	4	2.46	173	0.787	1.43
2019	Seca	BS3	10	10	MD	5	2.73	116	0.768	1.65
2019	Seca	BS3	11	10	MD	3	2.27	88	0.798	1.42
2019	Seca	BS3	12	10	MD	4	1.33	175	0.826	2.21
2019	Seca	BS3	13	10	MD	4	1.97	128	0.798	2.41
2019	Seca	BS3	14	10	MD	4	2.8	134	0.784	1.98
2019	Seca	BS3	15	10	MD	5	3.1	117	0.815	2.2
2019	Seca	BS3	16	10	MD	4	3.51	133	0.777	1.43
2019	Seca	BS3	17	10	MD	3	0.97	141	0.818	2.22
2019	Seca	BS3	18	10	MD	4	2.58	86	0.779	1.21
2019	Seca	BS3	19	10	MD	4	2.41	102	0.798	1.32
2019	Seca	BS3	20	10	MD	4	2.29	133	0.808	2.08
2019	Seca	BS3	21	10	MD	5	2.55	154	0.824	1.54
2019	Seca	BS3	22	10	MD	3	2.19	132	0.772	2.19
2019	Seca	BS3	23	10	MD	5	2.53	140	0.808	2.65
2019	Seca	BS3	24	10	MD	5	2.59	191	0.767	0.87
2019	Seca	BS3	25	10	MD	4	2.7	82	0.79	1.96
2019	Seca	BS3	26	10	MD	5	2.17	192	0.801	1.86
2019	Seca	BS3	27	10	MD	4	2.49	165	0.793	2.41
2019	Seca	BS3	28	10	MD	5	1.78	158	0.799	2.08
2019	Seca	BS3	29	10	MD	4	2.75	170	0.797	2.09
2019	Seca	BS3	30	10	MD	3	1.81	165	0.805	1.75
2019	Lluviosa	BS3	1	10	MD	5	3.29	111	0.754	1.21
2019	Lluviosa	BS3	2	10	MD	3	2.46	165	0.816	2.54
2019	Lluviosa	BS3	3	10	MD	4	2.8	179	0.789	0.87
2019	Lluviosa	BS3	4	10	MD	5	1.87	179	0.813	1.43
2019	Lluviosa	BS3	5	10	MD	4	1.8	164	0.799	1.32
2019	Lluviosa	BS3	6	10	MD	3	2.4	139	0.807	1.88
2019	Lluviosa	BS3	7	10	MD	4	3.34	143	0.808	1.1
2019	Lluviosa	BS3	8	10	MD	3	2.5	115	0.807	1.88
2019	Lluviosa	BS3	9	10	MD	4	4.03	98	0.807	1.1
2019	Lluviosa	BS3	10	10	MD	5	2.47	161	0.806	2.1
2019	Lluviosa	BS3	11	10	MD	3	2.82	124	0.756	2.09
2019	Lluviosa	BS3	12	10	MD	3	2.9	136	0.789	1.2
2019	Lluviosa	BS3	13	10	MD	4	2.24	103	0.778	2.41
2019	Lluviosa	BS3	14	10	MD	5	2.69	98	0.815	1.42
2019	Lluviosa	BS3	15	10	MD	3	2.54	122	0.765	1.42
2019	Lluviosa	BS3	16	10	MD	3	2.28	119	0.798	2.1
2019	Lluviosa	BS3	17	10	MD	5	2.29	86	0.82	1.98
2019	Lluviosa	BS3	18	10	MD	4	2.49	142	0.812	1.21
2019	Lluviosa	BS3	19	10	MD	5	3.03	175	0.776	1.76
2019	Lluviosa	BS3	20	10	MD	4	3.63	122	0.796	0.44
2019	Lluviosa	BS3	21	10	MD	3	3.79	194	0.82	1.54
2019	Lluviosa	BS3	22	10	MD	3	3.02	168	0.815	0.99
2019	Lluviosa	BS3	23	10	MD	3	2.55	136	0.81	1.53
2019	Lluviosa	BS3	24	10	MD	4	2.39	141	0.757	1.66
2019	Lluviosa	BS3	25	10	MD	3	2.34	175	0.827	1.98
2019	Lluviosa	BS3	26	10	MD	3	2.48	133	0.776	0.99
2019	Lluviosa	BS3	27	10	MD	4	2.71	187	0.804	2.63
2019	Lluviosa	BS3	28	10	MD	5	3.99	129	0.784	1.1
2019	Lluviosa	BS3	29	10	MD	5	3.61	146	0.839	0.33
2019	Lluviosa	BS3	30	10	MD	4	2.79	90	0.815	2.32
2019	Seca	BS3	1	10	MC	1	1.31	107	0.798	2.33
2019	Seca	BS3	2	10	MC	2	1.83	145	0.797	1.66
2019	Seca	BS3	3	10	MC	2	3.06	97	0.776	1.88
2019	Seca	BS3	4	10	MC	2	1.77	115	0.796	1.32
2019	Seca	BS3	5	10	MC	2	2.32	151	0.804	1.1
2019	Seca	BS3	6	10	MC	1	1.95	133	0.804	1.75
2019	Seca	BS3	7	10	MC	2	2.8	131	0.765	1.76
2019	Seca	BS3	8	10	MC	2	2.05	124	0.815	0.77
2019	Seca	BS3	9	10	MC	2	1.97	136	0.79	1.54
2019	Seca	BS3	10	10	MC	2	2.52	113	0.773	1.54
2019	Seca	BS3	11	10	MC	2	1.95	135	0.801	1.75
2019	Seca	BS3	12	10	MC	2	2.18	182	0.779	1.54
2019	Seca	BS3	13	10	MC	2	3.4	178	0.79	1.21
2019	Seca	BS3	14	10	MC	2	1.59	146	0.779	1.76
2019	Seca	BS3	15	10	MC	2	2.63	123	0.802	1.32
2019	Seca	BS3	16	10	MC	2	2.11	181	0.809	1.54
2019	Seca	BS3	17	10	MC	1	2.18	171	0.794	2.19
2019	Seca	BS3	18	10	MC	2	2.68	129	0.792	1.88
2019	Seca	BS3	19	10	MC	2	2.23	134	0.828	0.88
2019	Seca	BS3	20	10	MC	2	2.39	150	0.809	2.21
2019	Seca	BS3	21	10	MC	3	1.77	121	0.844	1.65
2019	Seca	BS3	22	10	MC	1	1.78	163	0.783	1.66
2019	Seca	BS3	23	10	MC	2	2.81	124	0.78	1.98
2019	Seca	BS3	24	10	MC	3	2.29	152	0.772	2.08
2019	Seca	BS3	25	10	MC	2	2.11	127	0.785	1.64
2019	Seca	BS3	26	10	MC	2	2.1	148	0.819	1.64
2019	Seca	BS3	27	10	MC	2	1.72	155	0.845	1.65
2019	Seca	BS3	28	10	MC	3	2.14	147	0.803	1.32
2019	Seca	BS3	29	10	MC	2	2.92	187	0.814	2.09
2019	Seca	BS3	30	10	MC	2	2.92	160	0.761	2.1
2019	Lluviosa	BS3	1	10	MC	2	2.14	159	0.785	2.09
2019	Lluviosa	BS3	2	10	MC	2	2.58	143	0.794	1.3
2019	Lluviosa	BS3	3	10	MC	2	2.97	156	0.784	1.1
2019	Lluviosa	BS3	4	10	MC	2	2.8	132	0.832	0.44
2019	Lluviosa	BS3	5	10	MC	2	3.75	95	0.808	1.11
2019	Lluviosa	BS3	6	10	MC	2	2.14	166	0.78	2.52
2019	Lluviosa	BS3	7	10	MC	2	3.1	128	0.789	2.52
2019	Lluviosa	BS3	8	10	MC	2	3.47	144	0.826	2.98
2019	Lluviosa	BS3	9	10	MC	2	3.07	131	0.805	0.77
2019	Lluviosa	BS3	10	10	MC	3	2.57	154	0.783	1.2
2019	Lluviosa	BS3	11	10	MC	2	2.13	195	0.792	1.87
2019	Lluviosa	BS3	12	10	MC	2	3	124	0.83	2.3
2019	Lluviosa	BS3	13	10	MC	2	3.19	147	0.826	2.52
2019	Lluviosa	BS3	14	10	MC	3	2.66	111	0.793	1.98
2019	Lluviosa	BS3	15	10	MC	1	3.28	128	0.784	1.86
2019	Lluviosa	BS3	16	10	MC	1	3.18	170	0.769	2.54
2019	Lluviosa	BS3	17	10	MC	3	2.74	138	0.819	2.19
2019	Lluviosa	BS3	18	10	MC	2	3.36	152	0.804	0.99
2019	Lluviosa	BS3	19	10	MC	2	2.26	133	0.804	1.1
2019	Lluviosa	BS3	20	10	MC	2	2.26	179	0.786	1.54
2019	Lluviosa	BS3	21	10	MC	1	2.63	115	0.808	1.32
2019	Lluviosa	BS3	22	10	MC	2	2.31	97	0.808	1.32
2019	Lluviosa	BS3	23	10	MC	1	3.16	170	0.82	2.2
2019	Lluviosa	BS3	24	10	MC	2	2.98	150	0.805	1.43
2019	Lluviosa	BS3	25	10	MC	1	2.75	136	0.78	1.97
2019	Lluviosa	BS3	26	10	MC	1	2.42	103	0.791	2.31
2019	Lluviosa	BS3	27	10	MC	2	2.36	97	0.79	1.88
2019	Lluviosa	BS3	28	10	MC	3	2.72	105	0.806	1.55
2019	Lluviosa	BS3	29	10	MC	2	2.93	113	0.799	1.21
2019	Lluviosa	BS3	30	10	MC	2	2.93	75	0.828	2.09
2019	Seca	BS4	1	10	SJ	16	1.2	171	0.804	1.43
2019	Seca	BS4	2	10	SJ	10	0.49	129	0.793	1.75
2019	Seca	BS4	3	10	SJ	19	1.66	204	0.803	2.63
2019	Seca	BS4	4	10	SJ	19	2.05	150	0.785	1.43
2019	Seca	BS4	5	10	SJ	18	0.83	151	0.839	2.21
2019	Seca	BS4	6	10	SJ	10	0.53	173	0.806	1.32
2019	Seca	BS4	7	10	SJ	17	1.67	123	0.785	2.42
2019	Seca	BS4	8	10	SJ	16	1.29	145	0.802	1.1
2019	Seca	BS4	9	10	SJ	10	1.12	136	0.836	1
2019	Seca	BS4	10	10	SJ	11	1.34	127	0.792	1.21
2019	Seca	BS4	11	10	SJ	12	0.57	156	0.797	1.88
2019	Seca	BS4	12	10	SJ	19	1.33	128	0.805	1.87
2019	Seca	BS4	13	10	SJ	11	0.64	133	0.786	1.64
2019	Seca	BS4	14	10	SJ	14	1.36	155	0.843	1.66
2019	Seca	BS4	15	10	SJ	18	1.72	153	0.816	2.29
2019	Seca	BS4	16	10	SJ	14	1.42	173	0.78	1.76
2019	Seca	BS4	17	10	SJ	15	0.72	171	0.79	2.84
2019	Seca	BS4	18	10	SJ	12	0.46	118	0.823	1.75
2019	Seca	BS4	19	10	SJ	16	1.09	171	0.793	0.99
2019	Seca	BS4	20	10	SJ	19	1.43	138	0.809	1.98
2019	Seca	BS4	21	10	SJ	16	1.03	166	0.769	2.44
2019	Seca	BS4	22	10	SJ	19	1.16	124	0.78	1.54
2019	Seca	BS4	23	10	SJ	12	1.25	111	0.798	1.31
2019	Seca	BS4	24	10	SJ	15	2.14	166	0.797	1.65
2019	Seca	BS4	25	10	SJ	17	1.01	137	0.809	0.66
2019	Seca	BS4	26	10	SJ	16	1.2	141	0.807	1.33
2019	Seca	BS4	27	10	SJ	16	1.48	155	0.796	1.86
2019	Seca	BS4	28	10	SJ	11	1.76	185	0.799	1.42
2019	Seca	BS4	29	10	SJ	12	1.22	149	0.772	2.09
2019	Seca	BS4	30	10	SJ	12	1.72	155	0.795	1.87
2019	Lluviosa	BS4	1	10	SJ	17	1.95	137	0.81	1.76
2019	Lluviosa	BS4	2	10	SJ	11	2.21	127	0.809	0.88
2019	Lluviosa	BS4	3	10	SJ	12	1.49	174	0.774	1.08
2019	Lluviosa	BS4	4	10	SJ	17	2.01	149	0.796	1.42
2019	Lluviosa	BS4	5	10	SJ	13	1.51	135	0.802	2.1
2019	Lluviosa	BS4	6	10	SJ	19	1.73	137	0.821	1.76
2019	Lluviosa	BS4	7	10	SJ	20	1.59	146	0.807	2.97
2019	Lluviosa	BS4	8	10	SJ	15	1.3	111	0.792	2.18
2019	Lluviosa	BS4	9	10	SJ	20	1.85	158	0.775	1.66
2019	Lluviosa	BS4	10	10	SJ	18	1.12	179	0.829	1.65
2019	Lluviosa	BS4	11	10	SJ	15	0.86	177	0.782	1.76
2019	Lluviosa	BS4	12	10	SJ	11	1.66	145	0.806	0.33
2019	Lluviosa	BS4	13	10	SJ	20	2.05	97	0.82	2.1
2019	Lluviosa	BS4	14	10	SJ	18	2.37	119	0.816	2.87
2019	Lluviosa	BS4	15	10	SJ	11	1.92	122	0.814	1.65
2019	Lluviosa	BS4	16	10	SJ	20	1.53	150	0.837	2.42
2019	Lluviosa	BS4	17	10	SJ	17	0.89	181	0.847	0.55
2019	Lluviosa	BS4	18	10	SJ	13	1.73	159	0.799	1.87
2019	Lluviosa	BS4	19	10	SJ	19	1.12	127	0.848	1.32
2019	Lluviosa	BS4	20	10	SJ	16	1.78	153	0.778	1.64
2019	Lluviosa	BS4	21	10	SJ	15	1.67	158	0.831	2.86
2019	Lluviosa	BS4	22	10	SJ	19	1.7	136	0.81	1.43
2019	Lluviosa	BS4	23	10	SJ	13	2.52	173	0.799	1.32
2019	Lluviosa	BS4	24	10	SJ	15	2.31	166	0.771	1.32
2019	Lluviosa	BS4	25	10	SJ	10	1.79	139	0.778	1.21
2019	Lluviosa	BS4	26	10	SJ	15	1.57	177	0.787	1.44
2019	Lluviosa	BS4	27	10	SJ	17	1.72	141	0.797	1.66
2019	Lluviosa	BS4	28	10	SJ	11	1.18	156	0.803	1.54
2019	Lluviosa	BS4	29	10	SJ	15	2	155	0.838	2.51
2019	Lluviosa	BS4	30	10	SJ	15	1.38	133	0.862	2.32
2019	Seca	BS4	1	10	VB	8	0.45	170	0.799	1.33
2019	Seca	BS4	2	10	VB	5	1.64	133	0.775	1.76
2019	Seca	BS4	3	10	VB	10	0.86	120	0.782	1.76
2019	Seca	BS4	4	10	VB	10	0.37	142	0.794	0.55
2019	Seca	BS4	5	10	VB	9	1.81	154	0.793	1.66
2019	Seca	BS4	6	10	VB	5	1.18	170	0.78	1.87
2019	Seca	BS4	7	10	VB	9	1.72	137	0.833	1.09
2019	Seca	BS4	8	10	VB	8	1.16	170	0.821	0.77
2019	Seca	BS4	9	10	VB	5	0.61	88	0.855	1.64
2019	Seca	BS4	10	10	VB	6	0.58	133	0.777	2.22
2019	Seca	BS4	11	10	VB	6	1.53	160	0.82	1.31
2019	Seca	BS4	12	10	VB	10	1.37	118	0.804	1.75
2019	Seca	BS4	13	10	VB	6	2.24	163	0.8	2.32
2019	Seca	BS4	14	10	VB	7	1.93	139	0.79	0.99
2019	Seca	BS4	15	10	VB	9	2.08	157	0.813	2.1
2019	Seca	BS4	16	10	VB	7	0.89	115	0.805	2.2
2019	Seca	BS4	17	10	VB	8	1.91	152	0.81	1.86
2019	Seca	BS4	18	10	VB	6	2.06	144	0.803	1.65
2019	Seca	BS4	19	10	VB	8	2.16	174	0.799	1.98
2019	Seca	BS4	20	10	VB	10	1.04	170	0.793	1.54
2019	Seca	BS4	21	10	VB	8	0.84	137	0.78	1.34
2019	Seca	BS4	22	10	VB	10	0.94	140	0.795	2.11
2019	Seca	BS4	23	10	VB	6	0.72	124	0.779	1.44
2019	Seca	BS4	24	10	VB	8	0.93	209	0.799	1.54
2019	Seca	BS4	25	10	VB	9	0.62	187	0.853	1.87
2019	Seca	BS4	26	10	VB	8	1.66	144	0.804	1.1
2019	Seca	BS4	27	10	VB	8	1.69	158	0.804	0.77
2019	Seca	BS4	28	10	VB	6	1.31	116	0.794	2.75
2019	Seca	BS4	29	10	VB	6	0.52	92	0.814	1.67
2019	Seca	BS4	30	10	VB	6	1.09	113	0.794	1.99
2019	Lluviosa	BS4	1	10	VB	9	1.17	141	0.798	2.09
2019	Lluviosa	BS4	2	10	VB	6	1.75	141	0.819	1.21
2019	Lluviosa	BS4	3	10	VB	6	1.78	142	0.767	1.09
2019	Lluviosa	BS4	4	10	VB	9	1.79	208	0.786	1.43
2019	Lluviosa	BS4	5	10	VB	7	1.01	130	0.837	2.09
2019	Lluviosa	BS4	6	10	VB	10	1.88	140	0.832	0.44
2019	Lluviosa	BS4	7	10	VB	10	0.69	129	0.789	2.09
2019	Lluviosa	BS4	8	10	VB	8	2.62	142	0.785	1.77
2019	Lluviosa	BS4	9	10	VB	10	2.54	161	0.843	1.99
2019	Lluviosa	BS4	10	10	VB	9	1.9	117	0.81	2.21
2019	Lluviosa	BS4	11	10	VB	8	2.54	158	0.836	2.21
2019	Lluviosa	BS4	12	10	VB	6	1.85	128	0.809	0.77
2019	Lluviosa	BS4	13	10	VB	10	1.6	212	0.747	1.11
2019	Lluviosa	BS4	14	10	VB	9	1.5	97	0.801	2.21
2019	Lluviosa	BS4	15	10	VB	6	1.71	144	0.805	1.76
2019	Lluviosa	BS4	16	10	VB	10	2.22	115	0.8	2.07
2019	Lluviosa	BS4	17	10	VB	9	1.65	152	0.803	1.75
2019	Lluviosa	BS4	18	10	VB	7	1.39	133	0.815	2.1
2019	Lluviosa	BS4	19	10	VB	10	1.82	155	0.793	2.86
2019	Lluviosa	BS4	20	10	VB	8	2.04	141	0.789	2.54
2019	Lluviosa	BS4	21	10	VB	8	2.04	150	0.768	1.86
2019	Lluviosa	BS4	22	10	VB	10	1.13	156	0.795	1.1
2019	Lluviosa	BS4	23	10	VB	7	1.71	154	0.833	1.87
2019	Lluviosa	BS4	24	10	VB	8	1.85	136	0.774	1.09
2019	Lluviosa	BS4	25	10	VB	5	0.68	164	0.795	2.75
2019	Lluviosa	BS4	26	10	VB	8	1.08	189	0.805	2.63
2019	Lluviosa	BS4	27	10	VB	9	3.04	138	0.83	1.31
2019	Lluviosa	BS4	28	10	VB	6	1.78	117	0.809	2.21
2019	Lluviosa	BS4	29	10	VB	8	2.03	148	0.812	1.55
2019	Lluviosa	BS4	30	10	VB	8	1.63	138	0.806	0.99
2019	Seca	BS4	1	10	MD	4	1.57	171	0.809	0.33
2019	Seca	BS4	2	10	MD	3	1.13	158	0.78	2.55
2019	Seca	BS4	3	10	MD	5	1.21	175	0.786	1.53
2019	Seca	BS4	4	10	MD	5	1.55	194	0.776	1.33
2019	Seca	BS4	5	10	MD	5	0.5	185	0.804	1.77
2019	Seca	BS4	6	10	MD	3	1.19	103	0.804	2.09
2019	Seca	BS4	7	10	MD	4	1.41	105	0.813	1.43
2019	Seca	BS4	8	10	MD	4	0.96	156	0.782	1.98
2019	Seca	BS4	9	10	MD	3	1.46	136	0.798	0.88
2019	Seca	BS4	10	10	MD	3	1.73	139	0.804	1.32
2019	Seca	BS4	11	10	MD	3	1.27	140	0.817	2.23
2019	Seca	BS4	12	10	MD	5	0.33	111	0.785	1.88
2019	Seca	BS4	13	10	MD	3	0.97	127	0.778	1.87
2019	Seca	BS4	14	10	MD	4	1.8	147	0.812	2.1
2019	Seca	BS4	15	10	MD	5	2.1	126	0.817	1.21
2019	Seca	BS4	16	10	MD	4	2.51	151	0.766	1.2
2019	Seca	BS4	17	10	MD	4	-0.03	162	0.782	1.87
2019	Seca	BS4	18	10	MD	3	1.58	105	0.793	1.44
2019	Seca	BS4	19	10	MD	4	1.41	178	0.784	1.65
2019	Seca	BS4	20	10	MD	5	1.29	130	0.832	1.09
2019	Seca	BS4	21	10	MD	4	1.55	157	0.813	1.54
2019	Seca	BS4	22	10	MD	5	1.19	141	0.812	2.09
2019	Seca	BS4	23	10	MD	3	1.53	149	0.769	1.98
2019	Seca	BS4	24	10	MD	4	1.59	76	0.802	2.2
2019	Seca	BS4	25	10	MD	4	1.7	88	0.774	1.1
2019	Seca	BS4	26	10	MD	4	1.17	117	0.789	1.44
2019	Seca	BS4	27	10	MD	4	1.49	233	0.772	1.54
2019	Seca	BS4	28	10	MD	3	0.78	155	0.799	1.43
2019	Seca	BS4	29	10	MD	3	1.75	87	0.795	1.75
2019	Seca	BS4	30	10	MD	3	0.81	150	0.804	0.66
2019	Lluviosa	BS4	1	10	MD	4	2.29	200	0.788	1.98
2019	Lluviosa	BS4	2	10	MD	3	1.46	146	0.792	2.42
2019	Lluviosa	BS4	3	10	MD	3	1.8	148	0.807	2.19
2019	Lluviosa	BS4	4	10	MD	4	0.87	126	0.804	2.75
2019	Lluviosa	BS4	5	10	MD	3	0.8	174	0.784	1.87
2019	Lluviosa	BS4	6	10	MD	5	1.4	114	0.847	1.75
2019	Lluviosa	BS4	7	10	MD	5	2.34	147	0.82	2.32
2019	Lluviosa	BS4	8	10	MD	4	1.5	145	0.81	1.66
2019	Lluviosa	BS4	9	10	MD	5	3.03	172	0.777	1.2
2019	Lluviosa	BS4	10	10	MD	5	1.47	152	0.824	1.55
2019	Lluviosa	BS4	11	10	MD	4	1.82	80	0.807	1.64
2019	Lluviosa	BS4	12	10	MD	3	1.9	131	0.786	2.53
2019	Lluviosa	BS4	13	10	MD	5	1.24	147	0.767	1.65
2019	Lluviosa	BS4	14	10	MD	5	1.69	151	0.751	1.54
2019	Lluviosa	BS4	15	10	MD	3	1.54	131	0.825	1.76
2019	Lluviosa	BS4	16	10	MD	5	1.28	153	0.766	1.43
2019	Lluviosa	BS4	17	10	MD	4	1.29	132	0.753	1.66
2019	Lluviosa	BS4	18	10	MD	3	1.49	120	0.781	2.07
2019	Lluviosa	BS4	19	10	MD	5	2.03	180	0.77	1.65
2019	Lluviosa	BS4	20	10	MD	4	2.63	141	0.809	0.77
2019	Lluviosa	BS4	21	10	MD	4	2.79	141	0.79	2.3
2019	Lluviosa	BS4	22	10	MD	5	2.02	143	0.801	1.86
2019	Lluviosa	BS4	23	10	MD	3	1.55	85	0.793	1.76
2019	Lluviosa	BS4	24	10	MD	4	1.39	178	0.811	0.55
2019	Lluviosa	BS4	25	10	MD	3	1.34	133	0.792	1.99
2019	Lluviosa	BS4	26	10	MD	4	1.48	138	0.799	2.42
2019	Lluviosa	BS4	27	10	MD	4	1.71	162	0.811	1.53
2019	Lluviosa	BS4	28	10	MD	3	2.99	127	0.819	2.53
2019	Lluviosa	BS4	29	10	MD	4	2.61	104	0.783	1.43
2019	Lluviosa	BS4	30	10	MD	4	1.79	129	0.803	1.32
2019	Seca	BS4	1	10	MC	2	0.31	43	0.78	2.09
2019	Seca	BS4	2	10	MC	1	0.83	146	0.817	1.54
2019	Seca	BS4	3	10	MC	2	2.06	157	0.786	2.3
2019	Seca	BS4	4	10	MC	2	0.77	139	0.804	1.86
2019	Seca	BS4	5	10	MC	2	1.32	193	0.815	1.43
2019	Seca	BS4	6	10	MC	1	0.95	150	0.784	0.77
2019	Seca	BS4	7	10	MC	2	1.8	153	0.81	1.76
2019	Seca	BS4	8	10	MC	2	1.05	115	0.807	1.43
2019	Seca	BS4	9	10	MC	1	0.97	163	0.81	2.19
2019	Seca	BS4	10	10	MC	1	1.52	162	0.786	1.43
2019	Seca	BS4	11	10	MC	2	0.95	164	0.769	1.98
2019	Seca	BS4	12	10	MC	2	1.18	127	0.828	2.53
2019	Seca	BS4	13	10	MC	1	2.4	149	0.792	0.66
2019	Seca	BS4	14	10	MC	2	0.59	109	0.791	2.63
2019	Seca	BS4	15	10	MC	2	1.63	152	0.798	2.51
2019	Seca	BS4	16	10	MC	2	1.11	99	0.805	1.88
2019	Seca	BS4	17	10	MC	2	1.18	90	0.811	2.75
2019	Seca	BS4	18	10	MC	2	1.68	156	0.791	2.09
2019	Seca	BS4	19	10	MC	2	1.23	164	0.763	1.21
2019	Seca	BS4	20	10	MC	2	1.39	165	0.781	1.66
2019	Seca	BS4	21	10	MC	2	0.77	163	0.787	3.16
2019	Seca	BS4	22	10	MC	2	0.78	92	0.808	1.43
2019	Seca	BS4	23	10	MC	2	1.81	175	0.813	2.18
2019	Seca	BS4	24	10	MC	2	1.29	132	0.819	1.98
2019	Seca	BS4	25	10	MC	2	1.11	106	0.828	1.87
2019	Seca	BS4	26	10	MC	2	1.1	89	0.766	2.32
2019	Seca	BS4	27	10	MC	2	0.72	82	0.797	0.77
2019	Seca	BS4	28	10	MC	1	1.14	118	0.815	1.2
2019	Seca	BS4	29	10	MC	2	1.92	141	0.754	1.43
2019	Seca	BS4	30	10	MC	2	1.92	176	0.794	1.21
2019	Lluviosa	BS4	1	10	MC	2	1.14	114	0.795	2.2
2019	Lluviosa	BS4	2	10	MC	1	1.58	126	0.804	1.43
2019	Lluviosa	BS4	3	10	MC	2	1.97	158	0.842	1.31
2019	Lluviosa	BS4	4	10	MC	2	1.8	128	0.77	0.99
2019	Lluviosa	BS4	5	10	MC	2	2.75	169	0.793	1.87
2019	Lluviosa	BS4	6	10	MC	2	1.14	158	0.792	1.42
2019	Lluviosa	BS4	7	10	MC	3	2.1	200	0.808	1.33
2019	Lluviosa	BS4	8	10	MC	2	2.47	170	0.798	1.43
2019	Lluviosa	BS4	9	10	MC	3	2.07	168	0.8	1.43
2019	Lluviosa	BS4	10	10	MC	2	1.57	152	0.784	2.56
2019	Lluviosa	BS4	11	10	MC	2	1.13	186	0.826	1.33
2019	Lluviosa	BS4	12	10	MC	1	2	152	0.794	1.32
2019	Lluviosa	BS4	13	10	MC	3	2.19	140	0.812	0.33
2019	Lluviosa	BS4	14	10	MC	2	1.66	156	0.793	1.1
2019	Lluviosa	BS4	15	10	MC	1	2.28	139	0.803	0.88
2019	Lluviosa	BS4	16	10	MC	3	2.18	89	0.841	1.64
2019	Lluviosa	BS4	17	10	MC	2	1.74	138	0.814	2.08
2019	Lluviosa	BS4	18	10	MC	2	2.36	177	0.814	1.87
2019	Lluviosa	BS4	19	10	MC	2	1.26	126	0.803	1.87
2019	Lluviosa	BS4	20	10	MC	2	1.26	187	0.748	1.76
2019	Lluviosa	BS4	21	10	MC	2	1.63	150	0.801	2.08
2019	Lluviosa	BS4	22	10	MC	2	1.31	89	0.77	1.98
2019	Lluviosa	BS4	23	10	MC	2	2.16	74	0.812	2.52
2019	Lluviosa	BS4	24	10	MC	2	1.98	127	0.817	1.88
2019	Lluviosa	BS4	25	10	MC	1	1.75	113	0.813	2.43
2019	Lluviosa	BS4	26	10	MC	2	1.42	119	0.833	1.66
2019	Lluviosa	BS4	27	10	MC	2	1.36	172	0.811	1.55
2019	Lluviosa	BS4	28	10	MC	1	1.72	162	0.804	2.51
2019	Lluviosa	BS4	29	10	MC	2	1.93	133	0.788	1.32
2019	Lluviosa	BS4	30	10	MC	2	1.93	164	0.782	1.76
