Temp_20	Temp_25	Temp_30	Temp_35	Temp_40	Biomass
7.404329291	5.964514392	6.237	11.36242087	11.726	63.95
4.160854584	3.43856535	5.863	10.93094733	12.474	67.82
4.704635956	8.171628996	5.863	9.909092432	12.474	60.61
6.51124417	5.008939503	5.5	12.66023726	13.2	28.62
4.851238307	5.755560738	5.863	11.61949555	13.2	60.79
4.385294413	5.549882237	5.863	11.52739887	13.2	52.63
5.220075283	6.378159299	6.237	12.57869619	12.474	46.38
4.263049016	7.39330516	6.237	11.54403905	12.474	NA
4.452839713	6.734658836	5.863	11.37556548	13.2	40.36
3.746554636	7.042401738	6.237	13.628112	12.474	44.58
6.674770469	7.149409199	6.237	14.18350901	12.474	49.3
4.676429293	6.047605333	6.6	13.82319922	11.726	46.26
6.870155149	3.410882833	6.237	11.58578013	13.2	45.55
5.960317279	9.204837989	5.863	10.88362937	12.474	NA
5.165446289	6.342295372	6.237	13.13151147	12.474	54.84
6.89838438	5.933388925	6.237	12.29990572	13.2	48.91
7.734655366	4.534594695	6.6	10.60268845	12.474	59.16
5.806746143	4.989359125	5.863	12.35755458	11.726	57.57
5.438180997	5.101376916	5.863	10.29559178	12.474	NA
4.330138861	5.611472898	6.6	11.77440416	12.474	57.21
5.813945405	4.563807992	6.6	14.21318682	12.474	42.44
8.694625258	5.687838462	6.237	13.66201854	12.474	64.87
5.314101249	6.473963552	6.237	12.13601457	13.2	62.88
3.973217259	5.246517145	6.237	10.5644756	12.474	45.58
6.902306214	6.16091326	6.237	10.11830434	13.2	47.92
4.689295271	4.471694659	5.863	11.92574305	13.2	47.96
6.277419338	6.658382303	6.237	13.37178818	12.474	71.69
5.708560527	6.434362673	5.863	13.65602861	13.2	NA
4.804469699	6.38896538	6.237	11.48755765	13.2	58.24
4.125239059	5.742132998	6.6	11.15244525	12.474	NA
8.905187295	6.036379037	6.237	14.03883474	12.474	NA
2.268201526	5.787145077	6.6	12.9302022	12.474	34.79
3.569227815	7.971227955	6.237	14.42370333	13.2	44.67
7.448446169	4.281068047	6.237	10.50984396	13.2	38.7
8.262421489	6.166085193	6.237	12.74704415	13.2	44.67
6.274531075	6.094123167	6.05	7.780662334	12.1	45.78
6.790356307	7.600693867	6.237	12.98015698	11.726	NA
4.905512372	7.272514571	6.237	10.32666887	12.474	35.23
5.479534331	7.098506083	6.237	12.81097442	13.2	48
2.914254565	6.771290229	6.237	14.28313107	12.474	60.23
6.44240901	7.303689863	6.6	11.30264798	13.2	NA
5.688842066	6.625499765	6.237	10.2448888	12.474	57.38
8.068439485	5.030337126	5.863	13.61948096	13.926	65.07
3.791393501	6.536312086	6.237	9.122140062	12.474	60.75
6.186230056	7.150973352	6.237	13.58635294	13.2	38.47
6.10103765	6.284915481	6.413	12.44974971	12.474	58.49
4.908236383	5.41318862	6.6	14.65444319	12.474	67.35
5.938761105	5.40636954	6.237	12.84034574	12.474	45.9
4.347515167	7.548417667	6.237	14.21647542	12.474	45.16
8.16020342	6.318493871	6.6	11.37201064	12.474	51.08
3.204635878	4.927325122	6.237	11.28804476	13.2	71.31
5.454733138	4.914745347	6.963	10.97344635	13.2	56
5.772705085	6.921938874	5.863	12.51198978	13.2	57.09
5.521554809	6.698072469	6.6	8.562080453	13.2	59.56
6.810581266	3.505524227	6.237	13.21635803	13.2	79.17
8.518885412	4.016437638	5.863	12.53130466	13.926	58.46
4.831314315	4.082643968	6.6	12.4652914	12.474	62.53
6.730982907	6.92182736	6.6	13.67126163	13.2	49.02
4.552316571	3.705458127	6.6	13.005609	13.2	60.3
8.131172557	7.119308352	6.6	12.70123687	13.2	42.16
4.018223951	6.236443971	6.6	11.57402342	13.2	60.82
6.429356322	4.803142472	6.6	13.84319369	12.474	60.12
5.00907096	5.862660299	6.963	10.94413033	13.2	56.57
4.918601759	4.722573604	6.6	13.1609483	13.2	76.81
5.467800429	6.973274753	6.237	13.81954694	13.2	42.41
7.8494873	5.751506023	6.237	9.188924631	13.2	41.62
4.752412073	4.835784024	6.963	11.79812441	13.2	53.74
8.941931204	8.031821655	6.325	11.67135985	12.65	58.71
6.769575636	4.081316538	6.787	13.50587726	12.474	NA
6.14547578	6.932290223	6.237	10.98192354	13.2	43.11
6.795218525	6.590475425	6.6	12.27939332	13.2	62.61
8.384818208	5.415781815	6.237	11.94069672	13.2	56.31
5.661641176	6.088333293	6.237	11.81569965	13.2	70.33
6.747899462	6.603439761	6.237	12.97375761	13.2	NA
6.006419425	5.730648217	6.6	11.4608701	13.2	48.38
5.375663368	5.049084186	7.337	10.73694423	12.826	62.76
4.39342404	8.134002869	6.6	11.40642772	13.926	47.24
4.932725126	4.998681984	6.05	11.65241439	13.2	44.47
8.584794169	5.112343896	6.6	11.82853083	13.2	56.67
4.26609193	4.170511868	6.6	13.03834229	13.2	44.58
3.168975975	9.617532576	6.963	12.14908355	13.2	49.1
6.360999583	7.770356796	6.6	9.208230937	13.2	27.85
8.586964384	6.972620941	7.337	11.49455707	13.926	NA
9.132899735	6.218769467	6.6	11.78016099	13.926	45.04
4.306498131	7.270267422	6.6	11.77248445	13.2	80.56
5.752313228	4.276229741	6.963	11.30827331	13.2	67.54
5.196040513	3.401574916	6.963	13.40661669	13.2	79.34
4.991769403	5.88469718	6.413	14.82355265	14.3	55.39
4.746302697	8.719287202	6.963	11.37984919	13.2	47.06
6.462795996	5.244233718	6.6	13.16501606	13.574	56.44
6.101133018	5.593391055	6.6	12.24550455	13.926	44.13
2.725031945	6.81684996	6.6	12.96233915	13.2	75.47
3.593255255	6.567866621	6.6	12.52525251	13.2	52.67
6.088348891	10.42677932	6.787	13.31021093	13.926	NA
5.57322937	4.255677367	6.963	11.31779817	12.474	38.61
5.266013557	8.139100697	6.787	12.91375954	13.2	NA
5.611785632	8.115780374	6.963	11.14873282	13.2	59.29
3.881647265	3.830630002	6.6	10.86452205	13.2	36.74
4.248133962	6.881163027	6.787	12.75129994	13.574	82.33
5.764184897	4.565044901	6.6	11.64585703	13.926	50.56
7.066224209	7.780636358	6.963	13.84178639	13.2	NA
6.261572493	5.032265111	6.787	10.43065334	13.926	35.21
7.16381325	6.363299	6.963	12.01673072	13.926	51
4.895401383	4.577153373	7.15	12.72047138	12.826	47.85
5.118757988	5.812797795	6.963	11.69267361	13.574	67.47
5.037319145	7.986049686	6.963	10.7927714	13.2	44.83
3.33302611	8.032782163	6.6	10.98143701	13.2	38.5
4.741415763	5.596435059	6.6	14.1279819	14.674	NA
4.530546388	6.76492295	6.963	12.65381846	13.926	65.23
2.461442927	5.981709403	6.787	12.4915093	14.3	59.77
3.115522935	5.749781074	7.15	13.51743093	13.2	47.24
7.441938137	6.920563204	7.337	11.2923235	13.2	NA
5.832776786	5.161463698	7.15	12.23789461	13.574	NA
5.372527919	7.787857378	7.337	11.4545297	14.674	49.36
6.627841846	8.600174742	7.15	13.06992779	14.3	NA
5.650172144	6.434795439	6.963	13.10317475	14.674	NA
4.777209587	2.697539019	7.337	10.21270783	13.574	47.36
4.309208341	7.015554025	7.513	10.9286832	14.3	62.02
7.324936694	8.324373023	6.963	13.14484228	14.674	56.92
4.982914034	6.737724324	7.7	12.01219605	14.3	59.57
6.294888506	2.893313357	7.337	12.22636447	15.4	57.29
5.295441261	5.694151988	7.15	11.89325263	13.926	49.8
6.686214484	6.288033242	7.337	12.18948107	13.926	47.93
5.530550833	4.961694849	7.337	14.39873521	14.674	76.47
3.459287636	6.238095643	7.7	8.497836085	15.4	56.86
6.40240687	6.739086944	6.963	10.26793541	14.674	44.76
5.707156495	8.453101477	7.337	11.25070299	13.926	76.11
8.255286491	4.454566194	7.337	13.69604522	13.926	44.3
4.926328695	6.244011526	7.337	14.55620628	14.674	37.95
5.362293756	9.14463789	8.063	11.63282563	13.926	NA
6.700561238	6.061492534	7.7	10.96643872	14.3	37.94
6.807569181	4.308040003	7.513	15.91585434	15.026	NA
6.206309043	6.733416309	8.063	15.10745866	16.126	50.47
5.329440046	1.697871729	5.137	11.85839454	10.274	66.53
4.953498956	4.998763282	5.863	11.47718707	12.474	56.89
6.571602891	7.323502189	6.237	13.08032197	12.474	53
3.871842103	6.073054691	6.237	11.89907112	13.2	54.87
2.991634689	5.070381218	5.863	11.61487187	13.2	48.84
6.391662154	6.894520391	5.863	14.26899276	11.726	58.74
5.493194394	6.323257847	6.6	11.43163452	13.2	52.61
4.345513453	6.387589129	6.237	13.67882381	12.474	NA
7.502546368	5.149287152	6.6	13.41250556	13.2	NA
3.930557978	6.350672073	6.6	11.47140441	12.474	39.89
3.544209605	4.420362657	6.237	9.88098189	13.2	40.35
6.483547597	6.216857095	6.6	12.53635774	13.2	NA
6.998763361	4.829363409	5.863	11.28936815	13.926	44.52
6.849971235	8.040031693	6.6	10.24930342	12.474	44.62
6.012462293	6.200651694	6.6	10.73162569	13.2	37.2
4.859207336	5.39896518	6.6	11.34816962	13.2	NA
8.154226273	8.850069211	6.237	12.27461292	13.2	56.89
6.467203463	6.75890621	6.6	10.63406397	13.2	51.19
5.475052745	5.395429243	6.6	12.64424264	12.474	42.29
8.53159353	7.870822493	6.237	11.1397251	13.926	55.9
4.714578919	5.379859198	6.6	11.06310287	13.2	56.27
5.417134509	6.401584415	6.6	10.63483241	13.574	53.56
7.349010814	5.142441556	6.6	14.08901712	13.926	56.91
5.486370155	5.314021542	5.863	12.54338469	13.2	39.31
6.582714522	6.932509458	6.6	12.87578052	13.2	42.79
4.935855712	4.549432441	6.6	15.75627203	13.2	41.22
3.896926655	6.7936865	6.963	12.61852391	13.926	36.18
3.820243907	3.50918265	6.6	10.98075357	13.926	NA
8.948406514	4.915891298	6.6	10.67447073	13.926	NA
6.800452101	8.316263921	6.6	13.63705024	13.2	NA
4.742499041	6.879775181	6.6	11.42957783	13.2	41.52
8.839281302	7.478155574	7.337	12.20198613	13.2	33.92
7.114137771	5.400352724	6.6	10.95703689	13.926	53.09
6.4276946	6.210981025	6.6	10.17815452	13.926	49.81
4.726535155	8.159782	7.337	11.11314491	13.2	54.52
5.773619127	7.008691094	6.6	11.05833422	15.026	47.1
6.524185384	3.860426524	6.787	11.14544335	13.926	57.72
5.841941431	4.530601556	7.15	11.95591246	13.574	55.55
5.931739207	4.547023455	7.15	10.27837349	13.2	52.28
7.020099944	7.764956811	6.963	10.29171353	13.926	62.91
6.617928124	5.849874034	8.063	15.12771566	13.926	54.32
7.411893606	6.13240665	6.963	12.81979999	14.674	49.62
5.133575196	5.909599733	7.337	10.18924983	13.926	50.76
5.240343117	4.395505598	7.7	8.917727569	13.2	44.24
4.90780504	3.772986424	6.963	10.41158707	13.926	32.16
5.45932399	5.953202909	7.337	13.07872601	13.926	49.01
5.599536443	6.433203452	7.337	13.56761735	13.926	32.92
6.005227499	6.78888478	7.337	10.27949568	13.2	43.96
5.284502913	6.659683771	7.337	12.30662473	14.674	40.28
7.845994226	4.570047687	8.063	10.89284198	13.926	52.72
6.265569805	6.674336918	7.7	14.8902802	16.126	49.41
8.682982697	3.981391014	7.513	14.18743149	15.4	44.65
3.968706233	3.531199935	7.887	10.34000255	15.774	36
6.745438139	7.625048993	5.863	13.4879539	11.726	75.74
5.810643895	5.668922109	6.237	9.322213959	13.2	47.28
5.526995699	5.373585586	5.863	12.82812817	12.474	NA
4.458808547	6.773939446	5.863	13.29507377	13.2	56.92
4.303538006	5.510451865	5.863	14.37282804	12.474	55.68
4.383471744	4.201667988	5.863	12.61234144	12.474	66.41
9.00141578	8.811227407	6.237	12.82635676	12.474	65.41
4.681301776	4.872824427	6.6	11.17486528	13.2	56.81
5.038218289	5.93058832	6.237	15.94121173	13.2	53.86
3.993685666	6.972752628	6.6	10.56850005	12.474	41.09
4.207526977	5.926980035	6.237	12.03868845	13.2	NA
6.049012826	5.207224633	6.6	11.41926189	12.474	40.7
4.761026539	3.073552071	6.237	12.81984042	13.2	73.3
5.057663412	8.174902151	6.237	10.78742366	13.2	56.55
6.892347413	6.392699798	6.6	13.3891609	13.2	NA
5.756403906	7.444814578	6.6	12.41641317	13.2	61.89
5.824627654	4.942423546	6.6	12.76084727	13.2	64.04
4.838248103	7.649718986	6.6	11.56673894	13.2	56.49
4.483330764	5.077872571	6.237	10.35265837	13.926	36.66
7.10362859	4.0758276	6.6	14.7883473	11.726	58.06
8.045390524	6.827576352	6.237	10.3273718	13.2	67.24
5.313634262	4.697257125	6.963	12.13743351	14.674	50.78
2.917398647	6.401455488	6.963	12.15144635	13.926	34.93
5.636759428	5.082127698	6.237	8.700090419	12.474	NA
4.629901599	5.010190573	6.6	13.8476886	13.2	52.26
5.39236112	4.469155555	7.15	10.42973271	12.1	56.51
2.95135417	6.480814083	6.963	12.42133	13.926	NA
6.833309259	4.759061218	7.337	14.87555122	13.2	69.74
5.92701839	4.799364422	6.787	12.13395966	13.574	41.22
6.048792267	6.099723799	6.787	12.89556877	13.574	45.99
6.133950913	5.983731825	6.787	12.53402747	13.574	53.78
4.062296783	5.414132512	6.413	12.27803683	13.926	75.26
5.424983469	6.463852676	6.963	7.758848652	13.2	66.08
6.139760267	8.179078907	6.6	13.33116261	13.2	54.07
7.116005532	5.874714164	6.963	11.61188072	13.2	NA
4.49419391	6.160485137	7.337	14.19614669	13.574	NA
2.523277686	4.869593371	6.963	12.25610661	13.2	NA
3.115759154	8.401221323	6.6	12.48244179	13.2	52.48
5.080635428	5.781421645	6.963	10.16851616	13.2	39.04
8.173026636	5.215089979	7.337	12.89176593	13.2	73.22
5.252432158	7.282604396	6.963	13.93386881	13.926	49.74
6.04080068	4.860997229	7.337	13.96110601	13.926	NA
6.414160534	4.831044397	6.787	15.53929686	14.3	41.37
2.184994382	8.530308568	7.337	12.77677223	13.926	43.59
5.727760936	7.210970057	7.15	15.05792113	13.926	67.9
4.575278106	7.360570164	7.337	10.77600095	13.2	55.03
7.138850245	6.053581948	7.337	11.78574768	13.926	39.76
5.845188856	6.811531317	6.963	11.88597912	14.674	61.44
5.152158302	7.009907474	7.513	12.43651967	14.3	NA
5.653359402	5.613092666	7.7	17.16136357	13.926	50.34
4.430785006	8.189581005	7.337	12.35773127	14.674	50.35
4.039874044	5.446427196	7.7	13.44981318	13.926	50.35
5.318925237	4.478312289	7.337	12.04425266	13.926	51.52
5.014994976	8.13287318	7.7	13.12164238	15.4	37.73
3.903261847	7.03305495	6.963	14.13210626	15.4	48.54
4.6517564	6.27138527	7.337	12.39865296	14.674	36.07
5.704368202	6.262109351	8.063	9.988978329	15.4	NA
5.654501462	6.102401322	7.513	12.69776634	14.674	32.12
3.523363997	5.662664434	7.887	9.464942297	16.5	37.97
5.743807172	7.98510566	8.25	12.12216571	16.126	41.55
8.151972334	5.144506826	5.863	15.5955811	11.726	58.8
6.163739871	6.081235991	5.863	13.89785095	12.474	39.21
7.108259135	9.109639186	6.237	11.90945976	12.474	NA
5.801617911	5.535663259	6.237	14.32326186	12.474	50.63
3.210086425	5.139363288	6.05	12.0703345	13.2	NA
4.559084988	4.00876066	6.237	12.8640822	12.474	55.79
4.513079367	6.153457493	6.6	11.20632032	11.726	NA
6.039111853	9.622167138	6.237	13.11354601	12.474	NA
3.942729493	5.871342766	6.237	11.68633309	13.2	44.1
4.048697217	6.391052512	6.237	11.11839685	12.474	NA
4.453753384	6.347004812	6.237	11.97683844	11.726	57.19
6.000905462	5.786471074	6.237	12.26265147	12.474	NA
7.026464635	8.055541644	6.237	10.90829432	13.2	NA
4.28515383	6.511742401	6.6	13.84098299	13.2	55.46
5.571115	9.309087855	6.963	11.35456684	12.474	64.12
4.709525309	7.084999078	6.237	12.7390842	13.2	49.35
2.175514332	5.469492748	5.863	13.20990847	13.2	46.1
5.991260347	2.796343489	6.6	11.87674728	13.2	43.52
6.426626241	6.424493539	6.237	10.41719687	13.2	NA
4.919085559	6.286294934	6.237	13.70892561	13.2	48.74
5.838624508	6.229067133	6.05	12.4949425	13.2	45.89
5.428040184	7.73258971	6.6	12.5623208	12.474	NA
7.829003868	5.150247799	6.237	12.95699027	12.474	43.77
2.634769584	6.198463403	6.6	14.17068764	13.2	55.61
6.625501796	3.811390302	6.237	13.44370838	13.2	NA
5.053522399	5.67720597	6.6	13.12349037	13.2	55.05
6.681612076	8.757192931	6.6	12.77405158	13.2	36.68
6.360657457	7.202999947	6.963	16.83554991	13.2	45.14
5.43101508	3.11744518	6.6	11.11644001	12.474	58.31
6.719437667	7.199478351	6.6	14.72754327	12.474	NA
5.542180617	4.447649604	6.6	13.06144607	13.2	51.71
7.976076241	5.417557673	6.237	12.45608779	13.926	45.58
6.60313467	9.802124815	6.6	15.02548876	13.2	39.67
4.574094415	9.135950671	6.6	13.15638672	13.2	48.99
5.293535177	6.817707276	6.6	13.48259116	13.926	NA
2.763179265	6.344248461	6.6	13.89307504	12.474	58.67
4.876895796	4.176857437	6.6	13.2681727	13.2	36.46
4.393239522	5.844630056	6.6	9.924361952	13.2	NA
5.917617589	4.684425653	6.6	10.17109521	12.474	55.81
6.931496733	5.351184376	6.963	11.74758014	13.2	39.07
3.66072477	6.130455006	6.6	12.83521704	12.474	NA
5.548526779	5.422184837	6.6	11.95529064	13.574	51.83
6.628692041	6.588073348	6.6	10.91471201	13.926	50.14
3.32931895	7.098511278	6.787	12.81930991	12.826	52.17
5.976580174	7.257602997	6.6	13.67580431	13.926	46.88
6.764461916	5.611303852	6.787	10.6932664	14.3	40.79
3.921664125	4.938106749	6.413	10.83599964	13.2	54.82
6.492988138	3.889670861	6.6	13.69697194	13.2	59.58
8.931234407	5.649680619	6.6	11.5001401	13.2	NA
4.675622003	5.864916442	6.6	11.45023779	13.2	35.72
4.198779863	5.726607712	6.6	11.74199507	13.2	57.11
5.245744449	6.145455527	6.6	11.73423387	13.926	NA
3.70425373	6.017702124	6.413	11.67257462	12.826	46.03
0.969966544	7.959894719	6.6	11.38464097	13.926	NA
4.456052199	5.443913837	6.787	10.23396989	13.574	45.32
3.876378785	5.93084697	7.15	12.04343371	13.574	34.05
4.979234663	3.723954348	6.963	11.33662115	13.926	56.56
7.38617365	6.428189143	6.6	11.50441243	13.574	NA
7.202338027	5.803617521	6.6	10.53659638	13.574	NA
5.881607306	7.825382613	6.787	12.29572237	13.2	NA
8.340273845	4.317622115	6.6	10.56557214	13.926	NA
4.420794512	5.856773081	6.6	11.05841374	13.574	NA
6.287207434	7.209931591	6.6	11.72222351	13.926	35.84
5.713793936	5.276814626	6.6	11.92316011	13.926	38.2
4.239897005	6.750553942	6.6	11.6127632	14.674	56.4
5.587944948	6.169172731	7.337	10.34265225	14.674	54.66
6.172160084	8.016550362	7.15	11.29762892	14.3	NA
5.701845538	6.303496407	6.963	13.04828954	13.2	NA
5.695075553	4.692422235	7.15	10.75612161	13.2	53.25
5.852617644	6.627370937	7.15	11.00341352	13.574	57.01
7.653552786	4.679124695	6.787	12.07419133	13.574	NA
7.765545495	5.429819738	6.787	10.40717814	13.574	50.77
4.112135411	7.483158911	6.6	12.05306505	13.926	40.82
5.373427598	5.974909389	6.6	13.51098017	14.3	60.09
4.356001142	7.333204946	6.6	11.19073728	13.926	54.96
3.848611278	4.468397555	6.963	11.52182911	14.3	NA
6.330081143	5.014862866	6.963	14.08938516	13.574	35.86
2.909884707	4.845194457	7.15	13.95181187	15.4	48.38
4.480990028	8.181360465	6.787	15.04969523	14.3	64.92
7.061480879	7.489868664	7.337	9.760242986	14.674	57.3
3.83235723	5.551469057	7.7	15.33886717	13.2	49.62
2.884669311	4.472650911	6.6	14.76778796	13.926	46.35
5.340802395	6.992760271	7.7	10.99669462	13.2	NA
5.031343022	4.140539729	7.15	12.1584556	13.926	52.12
2.866145906	7.236078584	6.963	10.38927806	13.2	NA
8.541268363	4.809968196	6.6	14.83461029	13.926	50.82
6.596636784	7.597108972	7.337	13.13851088	13.926	37.7
6.957008099	4.996375043	6.787	10.42428918	13.926	70.7
4.353511796	6.043940083	6.963	13.18049573	13.926	64.59
5.109043638	6.192231981	7.337	11.05660424	14.674	51.85
7.16492742	5.866554696	6.963	11.63191819	15.4	44.45
3.695387216	5.560079455	7.15	15.61989033	14.3	42.06
6.103048732	4.506863851	6.787	10.78690324	14.674	38.93
4.273288594	6.516092285	7.15	11.90741827	14.3	60.14
8.401434691	7.039574062	7.513	8.844345186	13.926	52.73
3.950016024	6.610983378	7.513	12.03342265	13.574	54.87
4.688986575	3.537713536	6.787	10.92240727	15.026	51.25
5.737793124	2.621033019	6.963	13.79289514	14.674	29.29
1.0923087	6.020849672	7.337	16.03470854	13.2	NA
5.124331122	7.619896657	7.7	12.58631327	13.926	NA
6.713001719	5.622590967	7.7	12.96788824	13.2	43.53
6.225804819	5.116857041	7.337	10.33994125	13.2	NA
6.853037106	6.981077315	7.7	12.43202664	14.674	44.78
3.534428976	6.39545543	7.337	11.60930069	14.674	47.93
4.883518054	6.273031291	7.337	11.2105633	14.674	NA
5.220997665	6.920939022	7.513	12.09184539	14.3	46.86
6.554617972	6.10835637	7.7	12.40498528	14.674	46.31
4.632813244	3.94719328	7.15	11.24367168	15.026	37.27
7.458636869	7.282680029	8.063	10.91164576	15.026	41.54
5.225223149	5.796650046	7.337	13.04157806	15.4	NA
4.569292064	6.489067778	7.7	11.75147013	14.3	40.95
6.075427471	7.248865814	7.7	11.29307446	15.4	24.9
3.566747642	8.270964598	7.7	12.29844637	15.4	70.12
6.070889509	8.62897604	8.063	11.45223787	15.4	38.47
5.567398491	6.460530936	7.887	16.70061442	15.774	49.29
4.871308611	5.647338647	7.7	14.48930273	16.126	41.26
6.769536274	5.926987849	8.25	10.8052189	16.5	69.86
