A	gs	WUE	Aminoacidos	Proteinas	Amido	Glicose	Frutose	Sacarose	Malato	Jasmonic_acid	Abisic_acid	Salicilic_acid	ACC	Zeatin	AIA	Espermina	Espermidina	Prolina	Putrescina
7.170	0.070	104.903	33.200	95.200	35.200	3.600	4.900	78.500	49.500	18.851	39.522	23.338	178.789	121.722	2.725	3635.380	1.933	18.629	1.035
7.230	0.100	73.329	23.000		23.400	3.200	3.500	46.400	32.200	18.128	36.384	327.180	145.281	84.593	2.212	4682.979	2.053	19.061	2.083
4.980	0.050	107.926		91.300	38.700		3.400	94.300	40.400	24.646	34.405	37.569	113.237	120.853	3.052	5506.137	1.847	16.408	1.721
4.550	0.040	123.259	43.100	76.400	26.900		3.300	66.900	74.300	5.293	22.951	61.904	251.355	94.568	2.815	4076.225		13.540	1.527
5.910	0.050	108.606	41.100	102.400	32.900	3.100	5.700	110.900	76.800	4.799	15.239	138.593	186.319	109.232	2.063	4575.309		23.607	1.301
4.910	0.060	78.518	36.800	70.800	26.700	3.100	7.100	89.500											
11.620	0.120	97.737	31.850	56.900	15.200	4.600	11.200	12.900	76.200	5.241	20.627	117.888	45.586	73.536	1.184	7495.074		18.894	5.434
10.700	0.100	104.670	37.050	97.800	16.700	4.400	9.300	19.900	64.200	15.140	22.908		18.439	122.078	2.753	4686.795	2.719	18.630	2.346
10.570	0.110	97.489	40.950	87.400	15.100		25.700	27.100	96.800	7.858	22.886	56.575	62.805	80.559	2.084	5238.686	9.333	17.426	2.003
10.090	0.100	100.589	32.240	66.600	15.300	6.400	9.400	24.000	61.900	22.415	22.800	219.630	163.228	78.498	2.475	6391.968	1.483	34.118	2.144
10.140	0.110	95.547	36.010	69.500	16.000	5.400	22.400	31.600	74.900	6.742	17.297	122.789	172.230	121.102	0.916	5034.981	13.750	31.021	2.141
8.250	0.090	87.686	34.190	58.800	17.500	6.400	24.400	21.800	85.800										
7.943	0.078	101.632	54.839	99.100	24.276	3.975	4.946	68.163	36.137	3.616	22.150	101.252	325.107	132.929	3.163	7057.273	3.839	20.468	1.115
8.097	0.086	94.251	42.152	86.088	25.852	4.873	3.479	62.940	38.161	2.143	10.346	79.193	260.597	116.896	1.971	5733.708	6.453	29.041	1.232
8.366	0.113	74.102	42.951	82.049	18.404	6.327	3.417	60.800	37.935	3.525	23.603	238.879	210.278	139.826	1.750	4095.039	3.857	17.647	0.669
12.672	0.103	123.461	47.579	86.740	24.413	4.337	3.285	67.282	32.114	9.045	24.940	242.415	245.527	100.517	1.633	4858.096	1.563	22.570	2.232
11.414	0.115	99.053	40.604	127.071	25.646	7.195	5.724	60.691	38.004	17.736	30.343	343.980	202.215	91.902	-0.211	4430.947	0.813	21.357	1.303
8.996	0.072	124.573	36.446	97.060	23.597	4.016	7.110	76.335	40.481										
1.330	0.010	96.605			31.100	3.500	5.600	81.400	47.200	28.702	36.568	123.781	231.172	96.000	2.963	5094.003	1.122	16.956	1.438
4.280	0.040	108.990	23.800	91.000	30.300	1.600	5.100	96.800	53.400	15.743	30.374	111.561	165.208	115.825	0.973	4638.882	2.466	17.897	1.178
5.020	0.040	113.579	46.700	72.400	26.700		7.700	67.500	45.800	18.480	47.732	304.321	160.190	104.836	2.991	3551.414	2.000	28.460	1.285
2.640	0.030	75.813	36.500	70.000	30.700			127.500	41.700	15.640	37.281	148.436	181.174	156.836	1.500	3831.939	2.443	26.814	1.121
3.280	0.040	90.312	33.600	74.600	37.000	1.800	4.300	103.700	53.500	15.143	26.990	319.914	317.644	123.794	3.000	3236.679	2.528	30.284	1.173
1.950	0.030	60.255		89.300	28.400	3.700	2.400	111.600	61.700										
8.430	0.070	117.278	13.130	98.300	20.300	3.200	12.200	20.200	86.200	6.316	14.197	169.305	92.812	72.399	1.644	5754.773	27.375	17.464	1.500
8.050	0.070	116.896		82.300	21.700	7.200	21.800	26.300	87.800	5.365	13.172	148.074	93.798	84.899	2.197	4569.769		24.881	1.471
7.200	0.080	91.797	40.170	64.600	18.900	4.200	18.100	21.000	63.200	7.967	25.616	332.740	166.290	143.625	1.475	9440.675		32.940	2.385
7.140	0.080	88.198	39.000	57.000	25.500		15.300	65.600	77.800	10.192	15.695		223.013	120.822	0.990	5516.032	5.425	29.598	1.886
8.550	0.080	108.070		57.900	17.200	5.200		22.200	84.500	7.026	9.978	38.149	119.282	111.893	2.111	6246.784	13.344	26.657	2.053
7.100	0.070	103.595	41.340	66.800	23.700	2.500	13.400	17.500	80.000										
5.931	0.052	113.521	56.604	83.220	22.792	8.084	5.611	41.138	36.946	10.177	27.674	161.617	216.973	108.607	2.844	3739.383	1.382	18.777	1.844
5.493	0.059	93.757	39.596	101.974	21.573	5.955	5.051	66.894	20.970	7.474	27.582	342.933	297.184	144.766	0.986	4020.288	1.951	30.903	1.027
4.680	0.051	91.007	74.450	98.216	24.021	16.545	7.701	85.329	58.512	5.321	21.540	138.040	375.527	206.250	1.741	4130.888	2.575	39.813	1.548
8.863	0.047	190.200	50.061	107.116	26.401	13.876	8.644	43.845	36.771	5.321	31.682	380.236	235.514	134.929	2.488	6095.202	3.857	21.477	3.855
8.593	0.054	159.711	45.077	101.801	26.863	7.348	4.271	67.002	23.143	12.873	43.260		79.542	111.952	1.371	8334.133	1.128	25.007	10.845
7.545	0.058	131.113	79.134	101.221	25.830	5.061	2.412	60.483	70.631										
1.700	0.010	137.424		62.500	37.400	2.300	7.900	64.300	45.000	18.459	18.343	26.925	150.336	40.483	-0.195	2481.456	1.800	23.368	0.816
2.640	0.020	117.203	34.100	76.000	33.000	1.500	4.900	77.100	47.800	25.527	31.103	63.343	148.193	72.783	0.983	3022.121	1.238	27.230	1.207
6.160	0.060	106.637	31.400	59.500	27.700	3.700	1.300	84.800		36.893	27.729	82.948	157.717	63.185	1.807	2441.377	0.757	21.458	1.291
1.880	0.020	87.519		119.100	40.600	3.600	4.400	95.400	74.900	16.976	20.401	372.309	181.403	72.836	1.971	3895.424	2.177	30.692	1.299
3.320	0.040	75.801	36.000	59.900	33.700	2.600	3.200	99.800	55.600	19.884	34.948	-64.738	167.980	91.594	1.753	4393.452	1.771	29.944	1.013
1.820	0.010	130.150	32.100	113.300	31.100	2.800	2.900	108.300	79.800										
10.840	0.110	99.149	28.600	77.400	16.000			17.800	97.500	15.140	27.215		100.196	104.510	2.204	5630.802	2.781	22.724	1.485
7.430	0.100	73.355	40.170	95.600	15.300	9.800	19.400	25.200	75.500	12.171	20.040		106.593	78.771	1.431	11547.639	3.571	11.529	5.520
9.510	0.090	102.551		83.900	16.700	4.700	17.200	18.000	95.300	11.124	19.906	19.625	163.405	105.635	3.160	5611.501	4.531	18.785	1.980
9.990	0.100	96.397	31.330	77.500	17.000		26.400	23.900	90.800	6.343	31.319	359.394	156.483	115.778	0.869	7038.137	2.083	16.254	1.993
6.440	0.080	77.995	44.720	50.800	13.400	3.400	9.700	20.800	64.800	0.979	14.542	21.202	91.589	60.997	1.204	4810.713	13.875	17.085	1.164
10.280	0.140	73.547		50.300	12.200	8.100	16.800	15.800	65.900										
6.099	0.057	107.493	46.867	101.965	25.305	12.393	7.945	48.695	49.177		26.729	225.040	243.672	144.331	1.095	3960.025		19.186	1.587
6.544	0.078	83.921	38.567	96.192	25.935	10.413	4.933	62.704	32.056	7.185	20.573	112.056	191.183	103.650	1.471	5595.084	1.982	10.819	2.788
5.968	0.056	105.721	47.385	87.119	26.116	12.649	1.350	43.020	42.492	8.657	31.846	299.278	141.892	302.729	3.534	24030.657	1.637	19.046	9.431
12.676	0.097	130.977	67.461	84.438	25.727	19.197	4.433	43.289	56.920	10.143	23.744	252.005	198.187	174.331	0.986	5603.336	1.362	19.234	1.035
11.230	0.108	103.610	44.519	127.681	25.815	2.967	3.233	60.685	56.726	10.143	27.369	180.517	180.127	85.201	0.986	6304.206	1.368	12.866	2.122
10.522	0.074	141.427	54.509	89.903	22.882	12.214	2.857	60.042	61.127										
1.960	0.010	151.643		111.600	28.600	3.300	3.600	83.100		23.206	23.445	256.600	255.933	75.621	2.371	3351.413	1.342	27.264	1.097
2.210	0.020	121.405	43.900	53.500	24.900	1.200	4.700	68.600	40.000	15.900	19.840	41.143	264.193	102.250	1.958	3831.867	2.494	29.246	1.482
1.420	0.010	113.648	30.500	94.100	36.100	2.900	4.500	98.000	91.100	16.976	32.167	145.094	323.685	105.117	2.189	4586.942	2.177	36.258	1.164
4.410	0.060	72.243	42.000	79.400	27.500	1.200	2.100	86.000	68.100	16.061	27.124	87.653	204.909	94.966	2.634	3594.364	2.386	27.761	1.202
2.610	0.020	144.548	29.000	92.100	26.300	4.200	6.700	104.100	58.900	47.353	31.530	97.228	210.788	146.341	2.268	3982.405	0.599	43.689	1.149
2.990	0.030	89.744	23.600	98.300		3.600		71.700	72.200										
4.350	0.040	107.032		79.800	17.500	3.500	21.100	19.500	53.600	6.120	17.794	352.754	143.316	79.313	1.461	6963.618	2.177	23.231	1.995
5.530	0.050	103.943	29.900		23.300	6.600		28.700	80.600	5.719	14.404	21.904	166.964	134.642	3.078	4302.647	2.472	20.163	0.878
8.570	0.080	108.555	37.570	66.800	18.200		15.200	20.700	69.000	1.464	21.126	124.922	164.092	106.131	-0.191	4956.453	8.958	24.392	1.054
4.630	0.040	114.440	30.680	110.900	22.200		20.400	29.700	88.100		21.758	266.960	193.461	136.111	1.649	4849.891		35.643	2.128
5.060	0.050	102.367	37.830	85.800	21.200	9.000	20.700	25.200	78.400		18.111	384.168	167.954	95.773	2.039	3510.452		28.879	1.561
4.780	0.040	112.145		58.400	21.700	8.600	16.200	23.400	88.100										
3.812	0.024	160.348	21.470	107.530	24.708	9.977	3.583	43.980	49.713	13.682	35.325	705.236	376.467	166.500	1.559	8636.649	1.455	30.321	5.212
4.804	0.051	94.310	89.282	114.848	27.269		4.746		48.960	7.345	24.711		217.356	122.009	2.400	7180.763	1.767	20.722	6.801
4.512	0.046	97.872	45.923	97.015	22.859	10.360	4.458	57.819		3.002	25.253	123.940	215.229	104.718	2.147	5489.510	4.406	18.284	1.652
6.113	0.042	146.071	46.870	98.661	28.612	11.768	2.097		40.355	4.225	19.006	221.065	324.288	109.721	0.581	7983.647	2.910	27.215	4.432
6.583	0.042	158.507	30.877	103.063	22.739	5.028	6.699	69.571	34.082	5.804	12.820	24.355	280.782	73.258	1.288	3932.076	2.286	35.167	4.264
4.494	0.030	147.379	48.951	122.416	28.542	13.021	16.695		88.923										
